CAMERA HEIGHT:
1
BACKGROUND:
BOXES:
Box 0
0.7963	-1.0000	-2.6814
0.7963	-0.8508	-2.6814
0.7963	-1.0000	-3.2029
0.7963	-0.8508	-3.2029
1.0715	-1.0000	-2.6814
1.0715	-0.8508	-2.6814
1.0715	-1.0000	-3.2029
1.0715	-0.8508	-3.2029
Box 1
1.1736	-1.0000	-2.3571
1.1736	-0.9279	-2.3571
1.1736	-1.0000	-3.0723
1.1736	-0.9279	-3.0723
1.3793	-1.0000	-2.3571
1.3793	-0.9279	-2.3571
1.3793	-1.0000	-3.0723
1.3793	-0.9279	-3.0723
Box 2
0.5280	-1.0000	-2.6067
0.5280	-0.9261	-2.6067
0.5280	-1.0000	-3.2936
0.5280	-0.9261	-3.2936
0.6778	-1.0000	-2.6067
0.6778	-0.9261	-2.6067
0.6778	-1.0000	-3.2936
0.6778	-0.9261	-3.2936
Box 3
0.7899	-1.0000	-2.2173
0.7899	-0.8752	-2.2173
0.7899	-1.0000	-2.6667
0.7899	-0.8752	-2.6667
0.9293	-1.0000	-2.2173
0.9293	-0.8752	-2.2173
0.9293	-1.0000	-2.6667
0.9293	-0.8752	-2.6667
Box 4
0.6752	-1.0000	-2.6818
0.6752	-0.9506	-2.6818
0.6752	-1.0000	-3.0176
0.6752	-0.9506	-3.0176
0.7963	-1.0000	-2.6818
0.7963	-0.9506	-2.6818
0.7963	-1.0000	-3.0176
0.7963	-0.9506	-3.0176
Box 5
0.4867	-1.0000	-2.2181
0.4867	-0.8270	-2.2181
0.4867	-1.0000	-2.7312
0.4867	-0.8270	-2.7312
0.5575	-1.0000	-2.2181
0.5575	-0.8270	-2.2181
0.5575	-1.0000	-2.7312
0.5575	-0.8270	-2.7312
Box 6
1.0139	-1.0000	-2.5341
1.0139	-0.8983	-2.5341
1.0139	-1.0000	-2.9750
1.0139	-0.8983	-2.9750
1.0654	-1.0000	-2.5341
1.0654	-0.8983	-2.5341
1.0654	-1.0000	-2.9750
1.0654	-0.8983	-2.9750
Box 7
0.8187	-1.0000	-2.3582
0.8187	-0.7469	-2.3582
0.8187	-1.0000	-2.8426
0.8187	-0.7469	-2.8426
0.9903	-1.0000	-2.3582
0.9903	-0.7469	-2.3582
0.9903	-1.0000	-2.8426
0.9903	-0.7469	-2.8426
REGIONS
