CAMERA HEIGHT:
1
BACKGROUND:
BOXES:
Box 0
0.4455	-1.0000	-2.4536
0.4455	-0.8003	-2.4536
0.4455	-1.0000	-2.6710
0.4455	-0.8003	-2.6710
0.5481	-1.0000	-2.4536
0.5481	-0.8003	-2.4536
0.5481	-1.0000	-2.6710
0.5481	-0.8003	-2.6710
Box 1
0.7065	-1.0000	-2.4005
0.7065	-0.9002	-2.4005
0.7065	-1.0000	-2.7622
0.7065	-0.9002	-2.7622
0.8099	-1.0000	-2.4005
0.8099	-0.9002	-2.4005
0.8099	-1.0000	-2.7622
0.8099	-0.9002	-2.7622
Box 2
0.9337	-1.0000	-3.2642
0.9337	-0.5895	-3.2642
0.9337	-1.0000	-2.0988
0.9337	-0.5895	-2.0988
1.0462	-1.0000	-3.2642
1.0462	-0.5895	-3.2642
1.0462	-1.0000	-2.0988
1.0462	-0.5895	-2.0988
Box 3
1.0362	-1.0000	-3.1536
1.0362	-0.8995	-3.1536
1.0362	-1.0000	-3.8821
1.0362	-0.8995	-3.8821
1.1422	-1.0000	-3.1536
1.1422	-0.8995	-3.1536
1.1422	-1.0000	-3.8821
1.1422	-0.8995	-3.8821
Box 4
0.9937	-1.0000	-2.3997
0.9937	-0.8604	-2.3997
0.9937	-1.0000	-2.8711
0.9937	-0.8604	-2.8711
1.0659	-1.0000	-2.3997
1.0659	-0.8604	-2.3997
1.0659	-1.0000	-2.8711
1.0659	-0.8604	-2.8711
Box 5
1.1701	-1.0000	-2.9545
1.1701	-0.9352	-2.9545
1.1701	-1.0000	-3.4375
1.1701	-0.9352	-3.4375
1.2727	-1.0000	-2.9545
1.2727	-0.9352	-2.9545
1.2727	-1.0000	-3.4375
1.2727	-0.9352	-3.4375
Box 6
0.4551	-1.0000	-3.1557
0.4551	-0.8995	-3.1557
0.4551	-1.0000	-3.3464
0.4551	-0.8995	-3.3464
0.5380	-1.0000	-3.1557
0.5380	-0.8995	-3.1557
0.5380	-1.0000	-3.3464
0.5380	-0.8995	-3.3464
Box 7
1.0936	-1.0000	-2.3997
1.0936	-0.7829	-2.3997
1.0936	-1.0000	-2.8508
1.0936	-0.7829	-2.8508
1.2129	-1.0000	-2.3997
1.2129	-0.7829	-2.3997
1.2129	-1.0000	-2.8508
1.2129	-0.7829	-2.8508
REGIONS
