CAMERA HEIGHT:
1
BACKGROUND:
BOXES:
Box 0
0.9123	-1.0000	-2.8417
0.9123	-0.6229	-2.8417
0.9123	-1.0000	-3.1934
0.9123	-0.6229	-3.1934
1.0335	-1.0000	-2.8417
1.0335	-0.6229	-2.8417
1.0335	-1.0000	-3.1934
1.0335	-0.6229	-3.1934
Box 1
0.8129	-1.0000	-2.4203
0.8129	-0.5580	-2.4203
0.8129	-1.0000	-2.7114
0.8129	-0.5580	-2.7114
0.8834	-1.0000	-2.4203
0.8834	-0.5580	-2.4203
0.8834	-1.0000	-2.7114
0.8834	-0.5580	-2.7114
Box 2
0.8603	-1.0000	-2.5565
0.8603	-0.8367	-2.5565
0.8603	-1.0000	-2.9480
0.8603	-0.8367	-2.9480
1.0529	-1.0000	-2.5565
1.0529	-0.8367	-2.5565
1.0529	-1.0000	-2.9480
1.0529	-0.8367	-2.9480
Box 3
1.0422	-1.0000	-2.4200
1.0422	-0.8818	-2.4200
1.0422	-1.0000	-2.8968
1.0422	-0.8818	-2.8968
1.1619	-1.0000	-2.4200
1.1619	-0.8818	-2.4200
1.1619	-1.0000	-2.8968
1.1619	-0.8818	-2.8968
Box 4
0.6266	-1.0000	-2.4189
0.6266	-0.8829	-2.4189
0.6266	-1.0000	-2.6935
0.6266	-0.8829	-2.6935
0.6715	-1.0000	-2.4189
0.6715	-0.8829	-2.4189
0.6715	-1.0000	-2.6935
0.6715	-0.8829	-2.6935
Box 5
0.5615	-1.0000	-2.4178
0.5615	-0.8523	-2.4178
0.5615	-1.0000	-2.7462
0.5615	-0.8523	-2.7462
0.6266	-1.0000	-2.4178
0.6266	-0.8523	-2.4178
0.6266	-1.0000	-2.7462
0.6266	-0.8523	-2.7462
REGIONS
