CAMERA HEIGHT:
1
BACKGROUND:
BOXES:
Box 0
1.0494	-1.0000	-3.1103
1.0494	-0.6676	-3.1103
1.0494	-1.0000	-3.3802
1.0494	-0.6676	-3.3802
1.1462	-1.0000	-3.1103
1.1462	-0.6676	-3.1103
1.1462	-1.0000	-3.3802
1.1462	-0.6676	-3.3802
Box 1
0.7631	-1.0000	-2.5961
0.7631	-0.8618	-2.5961
0.7631	-1.0000	-2.8484
0.7631	-0.8618	-2.8484
0.8762	-1.0000	-2.5961
0.8762	-0.8618	-2.5961
0.8762	-1.0000	-2.8484
0.8762	-0.8618	-2.8484
Box 2
0.5711	-1.0000	-2.8830
0.5711	-0.7757	-2.8830
0.5711	-1.0000	-3.1558
0.5711	-0.7757	-3.1558
0.7483	-1.0000	-2.8830
0.7483	-0.7757	-2.8830
0.7483	-1.0000	-3.1558
0.7483	-0.7757	-3.1558
Box 3
0.5965	-1.0000	-3.0062
0.5965	-0.9234	-3.0062
0.5965	-1.0000	-3.3782
0.5965	-0.9234	-3.3782
0.8283	-1.0000	-3.0062
0.8283	-0.9234	-3.0062
0.8283	-1.0000	-3.3782
0.8283	-0.9234	-3.3782
Box 4
0.6209	-1.0000	-2.5378
0.6209	-0.8981	-2.5378
0.6209	-1.0000	-2.9119
0.6209	-0.8981	-2.9119
0.7257	-1.0000	-2.5378
0.7257	-0.8981	-2.5378
0.7257	-1.0000	-2.9119
0.7257	-0.8981	-2.9119
Box 5
0.7456	-1.0000	-2.5369
0.7456	-0.9772	-2.5369
0.7456	-1.0000	-2.9141
0.7456	-0.9772	-2.9141
0.8310	-1.0000	-2.5369
0.8310	-0.9772	-2.5369
0.8310	-1.0000	-2.9141
0.8310	-0.9772	-2.9141
REGIONS
