CAMERA HEIGHT:
1
BACKGROUND:
BOXES:
Box 0
0.5584	-1.0000	-2.5124
0.5584	-0.6139	-2.5124
0.5584	-1.0000	-2.7508
0.5584	-0.6139	-2.7508
0.6609	-1.0000	-2.5124
0.6609	-0.6139	-2.5124
0.6609	-1.0000	-2.7508
0.6609	-0.6139	-2.7508
Box 1
0.6380	-1.0000	-2.5842
0.6380	-0.8669	-2.5842
0.6380	-1.0000	-3.0040
0.6380	-0.8669	-3.0040
0.8599	-1.0000	-2.5842
0.8599	-0.8669	-2.5842
0.8599	-1.0000	-3.0040
0.8599	-0.8669	-3.0040
Box 2
0.6738	-1.0000	-2.8727
0.6738	-0.8966	-2.8727
0.6738	-1.0000	-3.2521
0.6738	-0.8966	-3.2521
1.0326	-1.0000	-2.8727
1.0326	-0.8966	-2.8727
1.0326	-1.0000	-3.2521
1.0326	-0.8966	-3.2521
Box 3
0.6823	-1.0000	-2.5896
0.6823	-0.8082	-2.5896
0.6823	-1.0000	-2.8892
0.6823	-0.8082	-2.8892
0.8086	-1.0000	-2.5896
0.8086	-0.8082	-2.5896
0.8086	-1.0000	-2.8892
0.8086	-0.8082	-2.8892
Box 4
1.0060	-1.0000	-2.5869
1.0060	-0.9009	-2.5869
1.0060	-1.0000	-3.0185
1.0060	-0.9009	-3.0185
1.0907	-1.0000	-2.5869
1.0907	-0.9009	-2.5869
1.0907	-1.0000	-3.0185
1.0907	-0.9009	-3.0185
Box 5
0.7132	-1.0000	-3.3095
0.7132	-0.9462	-3.3095
0.7132	-1.0000	-3.7541
0.7132	-0.9462	-3.7541
0.8407	-1.0000	-3.3095
0.8407	-0.9462	-3.3095
0.8407	-1.0000	-3.7541
0.8407	-0.9462	-3.7541
Box 6
0.9026	-1.0000	-2.6372
0.9026	-0.9185	-2.6372
0.9026	-1.0000	-3.0184
0.9026	-0.9185	-3.0184
0.9723	-1.0000	-2.6372
0.9723	-0.9185	-2.6372
0.9723	-1.0000	-3.0184
0.9723	-0.9185	-3.0184
REGIONS
