CAMERA HEIGHT:
1
BACKGROUND:
BOXES:
Box 0
0.7725	-1.0000	-2.1868
0.7725	-0.6222	-2.1868
0.7725	-1.0000	-2.5106
0.7725	-0.6222	-2.5106
0.8687	-1.0000	-2.1868
0.8687	-0.6222	-2.1868
0.8687	-1.0000	-2.5106
0.8687	-0.6222	-2.5106
Box 1
0.5929	-1.0000	-2.3652
0.5929	-0.9211	-2.3652
0.5929	-1.0000	-2.7989
0.5929	-0.9211	-2.7989
1.1518	-1.0000	-2.3652
1.1518	-0.9211	-2.3652
1.1518	-1.0000	-2.7989
1.1518	-0.9211	-2.7989
Box 2
0.9666	-1.0000	-2.6637
0.9666	-0.7823	-2.6637
0.9666	-1.0000	-3.0423
0.9666	-0.7823	-3.0423
1.0574	-1.0000	-2.6637
1.0574	-0.7823	-2.6637
1.0574	-1.0000	-3.0423
1.0574	-0.7823	-3.0423
Box 3
0.6159	-1.0000	-2.2760
0.6159	-0.7988	-2.2760
0.6159	-1.0000	-2.6003
0.6159	-0.7988	-2.6003
0.6968	-1.0000	-2.2760
0.6968	-0.7988	-2.2760
0.6968	-1.0000	-2.6003
0.6968	-0.7988	-2.6003
Box 4
1.0096	-1.0000	-2.8519
1.0096	-0.9540	-2.8519
1.0096	-1.0000	-3.0405
1.0096	-0.9540	-3.0405
1.1354	-1.0000	-2.8519
1.1354	-0.9540	-2.8519
1.1354	-1.0000	-3.0405
1.1354	-0.9540	-3.0405
Box 5
0.5677	-1.0000	-2.5687
0.5677	-0.8273	-2.5687
0.5677	-1.0000	-2.8675
0.5677	-0.8273	-2.8675
0.6962	-1.0000	-2.5687
0.6962	-0.8273	-2.5687
0.6962	-1.0000	-2.8675
0.6962	-0.8273	-2.8675
Box 6
0.7821	-1.0000	-2.4666
0.7821	-0.9250	-2.4666
0.7821	-1.0000	-2.9113
0.7821	-0.9250	-2.9113
0.8718	-1.0000	-2.4666
0.8718	-0.9250	-2.4666
0.8718	-1.0000	-2.9113
0.8718	-0.9250	-2.9113
REGIONS
