CAMERA HEIGHT:
1
BACKGROUND:
BOXES:
Box 0
0.8344	-1.0000	-2.7954
0.8344	-0.4205	-2.7954
0.8344	-1.0000	-2.9780
0.8344	-0.4205	-2.9780
0.9467	-1.0000	-2.7954
0.9467	-0.4205	-2.7954
0.9467	-1.0000	-2.9780
0.9467	-0.4205	-2.9780
Box 1
0.5765	-1.0000	-3.0102
0.5765	-0.8960	-3.0102
0.5765	-1.0000	-3.3344
0.5765	-0.8960	-3.3344
0.8348	-1.0000	-3.0102
0.8348	-0.8960	-3.0102
0.8348	-1.0000	-3.3344
0.8348	-0.8960	-3.3344
Box 2
0.4561	-1.0000	-2.3725
0.4561	-0.8242	-2.3725
0.4561	-1.0000	-2.9174
0.4561	-0.8242	-2.9174
0.5714	-1.0000	-2.3725
0.5714	-0.8242	-2.3725
0.5714	-1.0000	-2.9174
0.5714	-0.8242	-2.9174
Box 3
0.8429	-1.0000	-2.3170
0.8429	-0.8984	-2.3170
0.8429	-1.0000	-2.7626
0.8429	-0.8984	-2.7626
1.0574	-1.0000	-2.3170
1.0574	-0.8984	-2.3170
1.0574	-1.0000	-2.7626
1.0574	-0.8984	-2.7626
Box 4
1.1182	-1.0000	-3.0067
1.1182	-0.8933	-3.0067
1.1182	-1.0000	-3.4426
1.1182	-0.8933	-3.4426
1.2307	-1.0000	-3.0067
1.2307	-0.8933	-3.0067
1.2307	-1.0000	-3.4426
1.2307	-0.8933	-3.4426
Box 5
0.6549	-1.0000	-3.0030
0.6549	-0.8923	-3.0030
0.6549	-1.0000	-3.2876
0.6549	-0.8923	-3.2876
0.7259	-1.0000	-3.0030
0.7259	-0.8923	-3.0030
0.7259	-1.0000	-3.2876
0.7259	-0.8923	-3.2876
Box 6
0.4617	-1.0000	-3.0027
0.4617	-0.9582	-3.0027
0.4617	-1.0000	-3.2261
0.4617	-0.9582	-3.2261
0.5103	-1.0000	-3.0027
0.5103	-0.9582	-3.0027
0.5103	-1.0000	-3.2261
0.5103	-0.9582	-3.2261
Box 7
0.5084	-1.0000	-3.1350
0.5084	-0.9710	-3.1350
0.5084	-1.0000	-3.4150
0.5084	-0.9710	-3.4150
0.6532	-1.0000	-3.1350
0.6532	-0.9710	-3.1350
0.6532	-1.0000	-3.4150
0.6532	-0.9710	-3.4150
REGIONS
