CAMERA HEIGHT:
1
BACKGROUND:
BOXES:
Box 0
0.4424	-1.0000	-2.4231
0.4424	-0.8044	-2.4231
0.4424	-1.0000	-2.6920
0.4424	-0.8044	-2.6920
0.5377	-1.0000	-2.4231
0.5377	-0.8044	-2.4231
0.5377	-1.0000	-2.6920
0.5377	-0.8044	-2.6920
Box 1
0.6920	-1.0000	-3.0128
0.6920	-0.7893	-3.0128
0.6920	-1.0000	-3.2788
0.6920	-0.7893	-3.2788
0.7965	-1.0000	-3.0128
0.7965	-0.7893	-3.0128
0.7965	-1.0000	-3.2788
0.7965	-0.7893	-3.2788
Box 2
0.6894	-1.0000	-2.3266
0.6894	-0.8976	-2.3266
0.6894	-1.0000	-2.6861
0.6894	-0.8976	-2.6861
0.7900	-1.0000	-2.3266
0.7900	-0.8976	-2.3266
0.7900	-1.0000	-2.6861
0.7900	-0.8976	-2.6861
Box 3
1.0626	-1.0000	-2.3772
1.0626	-0.9187	-2.3772
1.0626	-1.0000	-2.8725
1.0626	-0.9187	-2.8725
1.1164	-1.0000	-2.3772
1.1164	-0.9187	-2.3772
1.1164	-1.0000	-2.8725
1.1164	-0.9187	-2.8725
Box 4
1.4780	-1.0000	-4.7304
1.4780	-0.6848	-4.7304
1.4780	-1.0000	-4.9741
1.4780	-0.6848	-4.9741
1.5358	-1.0000	-4.7304
1.5358	-0.6848	-4.7304
1.5358	-1.0000	-4.9741
1.5358	-0.6848	-4.9741
Box 5
0.4332	-1.0000	-2.7111
0.4332	-0.8989	-2.7111
0.4332	-1.0000	-3.0705
0.4332	-0.8989	-3.0705
0.5405	-1.0000	-2.7111
0.5405	-0.8989	-2.7111
0.5405	-1.0000	-3.0705
0.5405	-0.8989	-3.0705
Box 6
1.1382	-1.0000	-3.0176
1.1382	-0.9478	-3.0176
1.1382	-1.0000	-3.5098
1.1382	-0.9478	-3.5098
1.2747	-1.0000	-3.0176
1.2747	-0.9478	-3.0176
1.2747	-1.0000	-3.5098
1.2747	-0.9478	-3.5098
Box 7
1.1060	-1.0000	-2.7140
1.1060	-0.9014	-2.7140
1.1060	-1.0000	-3.2386
1.1060	-0.9014	-3.2386
1.2146	-1.0000	-2.7140
1.2146	-0.9014	-2.7140
1.2146	-1.0000	-3.2386
1.2146	-0.9014	-3.2386
REGIONS
