CAMERA HEIGHT:
1
BACKGROUND:
BOXES:
Box 0
0.5392	-1.0000	-2.3735
0.5392	-0.8231	-2.3735
0.5392	-1.0000	-2.7027
0.5392	-0.8231	-2.7027
0.6405	-1.0000	-2.3735
0.6405	-0.8231	-2.3735
0.6405	-1.0000	-2.7027
0.6405	-0.8231	-2.7027
Box 1
1.1425	-1.0000	-3.0004
1.1425	-0.9046	-3.0004
1.1425	-1.0000	-3.5069
1.1425	-0.9046	-3.5069
1.3817	-1.0000	-3.0004
1.3817	-0.9046	-3.0004
1.3817	-1.0000	-3.5069
1.3817	-0.9046	-3.5069
Box 2
0.9239	-1.0000	-2.3745
0.9239	-0.9122	-2.3745
0.9239	-1.0000	-2.8460
0.9239	-0.9122	-2.8460
1.0298	-1.0000	-2.3745
1.0298	-0.9122	-2.3745
1.0298	-1.0000	-2.8460
1.0298	-0.9122	-2.8460
Box 3
0.5010	-1.0000	-2.5995
0.5010	-0.9012	-2.5995
0.5010	-1.0000	-3.0058
0.5010	-0.9012	-3.0058
0.5693	-1.0000	-2.5995
0.5693	-0.9012	-2.5995
0.5693	-1.0000	-3.0058
0.5693	-0.9012	-3.0058
Box 4
1.2422	-1.0000	-3.1978
1.2422	-0.9632	-3.1978
1.2422	-1.0000	-3.4433
1.2422	-0.9632	-3.4433
1.2743	-1.0000	-3.1978
1.2743	-0.9632	-3.1978
1.2743	-1.0000	-3.4433
1.2743	-0.9632	-3.4433
Box 5
1.2019	-1.0000	-3.4348
1.2019	-0.4694	-3.4348
1.2019	-1.0000	-3.6898
1.2019	-0.4694	-3.6898
1.3102	-1.0000	-3.4348
1.3102	-0.4694	-3.4348
1.3102	-1.0000	-3.6898
1.3102	-0.4694	-3.6898
Box 6
1.0114	-1.0000	-2.6032
1.0114	-0.9027	-2.6032
1.0114	-1.0000	-3.0309
1.0114	-0.9027	-3.0309
1.0586	-1.0000	-2.6032
1.0586	-0.9027	-2.6032
1.0586	-1.0000	-3.0309
1.0586	-0.9027	-3.0309
REGIONS
