CAMERA HEIGHT:
1
BACKGROUND:
BOXES:
Box 0
0.9733	-1.0000	-2.7057
0.9733	-0.5044	-2.7057
0.9733	-1.0000	-3.1349
0.9733	-0.5044	-3.1349
1.0796	-1.0000	-2.7057
1.0796	-0.5044	-2.7057
1.0796	-1.0000	-3.1349
1.0796	-0.5044	-3.1349
Box 1
0.8788	-1.0000	-2.4401
0.8788	-0.5261	-2.4401
0.8788	-1.0000	-2.8630
0.8788	-0.5261	-2.8630
0.9003	-1.0000	-2.4401
0.9003	-0.5261	-2.4401
0.9003	-1.0000	-2.8630
0.9003	-0.5261	-2.8630
Box 2
0.9177	-1.0000	-3.1981
0.9177	-0.8001	-3.1981
0.9177	-1.0000	-3.5308
0.9177	-0.8001	-3.5308
1.0304	-1.0000	-3.1981
1.0304	-0.8001	-3.1981
1.0304	-1.0000	-3.5308
1.0304	-0.8001	-3.5308
Box 3
1.1795	-1.0000	-3.1982
1.1795	-0.8009	-3.1982
1.1795	-1.0000	-3.8252
1.1795	-0.8009	-3.8252
1.2779	-1.0000	-3.1982
1.2779	-0.8009	-3.1982
1.2779	-1.0000	-3.8252
1.2779	-0.8009	-3.8252
Box 4
1.0545	-1.0000	-2.8553
1.0545	-0.5910	-2.8553
1.0545	-1.0000	-1.9448
1.0545	-0.5910	-1.9448
1.1133	-1.0000	-2.8553
1.1133	-0.5910	-2.8553
1.1133	-1.0000	-1.9448
1.1133	-0.5910	-1.9448
Box 5
0.7524	-1.0000	-3.2008
0.7524	-0.8003	-3.2008
0.7524	-1.0000	-3.4710
0.7524	-0.8003	-3.4710
0.8504	-1.0000	-3.2008
0.8504	-0.8003	-3.2008
0.8504	-1.0000	-3.4710
0.8504	-0.8003	-3.4710
Box 6
1.4130	-1.0000	-4.1307
1.4130	-0.6590	-4.1307
1.4130	-1.0000	-2.9902
1.4130	-0.6590	-2.9902
1.6091	-1.0000	-4.1307
1.6091	-0.6590	-4.1307
1.6091	-1.0000	-2.9902
1.6091	-0.6590	-2.9902
Box 7
0.4553	-1.0000	-2.8479
0.4553	-0.9458	-2.8479
0.4553	-1.0000	-3.1563
0.4553	-0.9458	-3.1563
0.5529	-1.0000	-2.8479
0.5529	-0.9458	-2.8479
0.5529	-1.0000	-3.1563
0.5529	-0.9458	-3.1563
Box 8
1.1391	-1.0000	-2.8540
1.1391	-0.9501	-2.8540
1.1391	-1.0000	-3.3577
1.1391	-0.9501	-3.3577
1.3003	-1.0000	-2.8540
1.3003	-0.9501	-2.8540
1.3003	-1.0000	-3.3577
1.3003	-0.9501	-3.3577
Box 9
0.4439	-1.0000	-2.4868
0.4439	-0.9194	-2.4868
0.4439	-1.0000	-2.7783
0.4439	-0.9194	-2.7783
0.5587	-1.0000	-2.4868
0.5587	-0.9194	-2.4868
0.5587	-1.0000	-2.7783
0.5587	-0.9194	-2.7783
Box 10
1.0387	-1.0000	-2.4884
1.0387	-0.9205	-2.4884
1.0387	-1.0000	-2.9866
1.0387	-0.9205	-2.9866
1.1583	-1.0000	-2.4884
1.1583	-0.9205	-2.4884
1.1583	-1.0000	-2.9866
1.1583	-0.9205	-2.9866
Box 11
0.4467	-1.0000	-2.9302
0.4467	-0.8380	-2.9302
0.4467	-1.0000	-3.1219
0.4467	-0.8380	-3.1219
0.5221	-1.0000	-2.9302
0.5221	-0.8380	-2.9302
0.5221	-1.0000	-3.1219
0.5221	-0.8380	-3.1219
Box 12
0.4803	-1.0000	-3.0110
0.4803	-0.9405	-3.0110
0.4803	-1.0000	-2.9980
0.4803	-0.9405	-2.9980
0.6765	-1.0000	-3.0110
0.6765	-0.9405	-3.0110
0.6765	-1.0000	-2.9980
0.6765	-0.9405	-2.9980
REGIONS
