CAMERA HEIGHT:
1
BACKGROUND:
BOXES:
Box 0
1.1284	-1.0000	-3.4878
1.1284	-0.4793	-3.4878
1.1284	-1.0000	-1.8422
1.1284	-0.4793	-1.8422
1.2606	-1.0000	-3.4878
1.2606	-0.4793	-3.4878
1.2606	-1.0000	-1.8422
1.2606	-0.4793	-1.8422
Box 1
0.7775	-1.0000	-2.4061
0.7775	-0.6591	-2.4061
0.7775	-1.0000	-2.7521
0.7775	-0.6591	-2.7521
0.8672	-1.0000	-2.4061
0.8672	-0.6591	-2.4061
0.8672	-1.0000	-2.7521
0.8672	-0.6591	-2.7521
Box 2
0.9762	-1.0000	-3.0216
0.9762	-0.6850	-3.0216
0.9762	-1.0000	-3.5255
0.9762	-0.6850	-3.5255
1.0896	-1.0000	-3.0216
1.0896	-0.6850	-3.0216
1.0896	-1.0000	-3.5255
1.0896	-0.6850	-3.5255
Box 3
0.6114	-1.0000	-2.3210
0.6114	-0.7094	-2.3210
0.6114	-1.0000	-2.6205
0.6114	-0.7094	-2.6205
0.6692	-1.0000	-2.3210
0.6692	-0.7094	-2.3210
0.6692	-1.0000	-2.6205
0.6692	-0.7094	-2.6205
Box 4
0.6878	-1.0000	-2.7186
0.6878	-0.9006	-2.7186
0.6878	-1.0000	-3.2182
0.6878	-0.9006	-3.2182
0.9770	-1.0000	-2.7186
0.9770	-0.9006	-2.7186
0.9770	-1.0000	-3.2182
0.9770	-0.9006	-3.2182
Box 5
0.9167	-1.0000	-2.3192
0.9167	-0.8898	-2.3192
0.9167	-1.0000	-2.8127
0.9167	-0.8898	-2.8127
1.1344	-1.0000	-2.3192
1.1344	-0.8898	-2.3192
1.1344	-1.0000	-2.8127
1.1344	-0.8898	-2.8127
Box 6
1.0132	-1.0000	-2.8147
1.0132	-0.8909	-2.8147
1.0132	-1.0000	-3.2620
1.0132	-0.8909	-3.2620
1.1126	-1.0000	-2.8147
1.1126	-0.8909	-2.8147
1.1126	-1.0000	-3.2620
1.1126	-0.8909	-3.2620
Box 7
1.8859	-1.0000	-6.0560
1.8859	-0.8314	-6.0560
1.8859	-1.0000	-6.3563
1.8859	-0.8314	-6.3563
2.1041	-1.0000	-6.0560
2.1041	-0.8314	-6.0560
2.1041	-1.0000	-6.3563
2.1041	-0.8314	-6.3563
Box 8
1.0959	-1.0000	-2.6129
1.0959	-0.9611	-2.6129
1.0959	-1.0000	-3.1232
1.0959	-0.9611	-3.1232
1.2175	-1.0000	-2.6129
1.2175	-0.9611	-2.6129
1.2175	-1.0000	-3.1232
1.2175	-0.9611	-3.1232
Box 9
1.3737	-1.0000	-4.4013
1.3737	-0.8109	-4.4013
1.3737	-1.0000	-4.6897
1.3737	-0.8109	-4.6897
1.4761	-1.0000	-4.4013
1.4761	-0.8109	-4.4013
1.4761	-1.0000	-4.6897
1.4761	-0.8109	-4.6897
REGIONS
