CAMERA HEIGHT:
1
BACKGROUND:
BOXES:
Box 0
0.7725	-1.0000	-2.8798
0.7725	-0.4330	-2.8798
0.7725	-1.0000	-3.0164
0.7725	-0.4330	-3.0164
0.8782	-1.0000	-2.8798
0.8782	-0.4330	-2.8798
0.8782	-1.0000	-3.0164
0.8782	-0.4330	-3.0164
Box 1
0.6998	-1.0000	-2.4399
0.6998	-0.4632	-2.4399
0.6998	-1.0000	-2.7180
0.6998	-0.4632	-2.7180
0.7437	-1.0000	-2.4399
0.7437	-0.4632	-2.4399
0.7437	-1.0000	-2.7180
0.7437	-0.4632	-2.7180
Box 2
0.8368	-1.0000	-2.5421
0.8368	-0.7363	-2.5421
0.8368	-1.0000	-2.8690
0.8368	-0.7363	-2.8690
0.9062	-1.0000	-2.5421
0.9062	-0.7363	-2.5421
0.9062	-1.0000	-2.8690
0.9062	-0.7363	-2.8690
Box 3
0.8052	-1.0000	-3.0113
0.8052	-0.6602	-3.0113
0.8052	-1.0000	-3.2705
0.8052	-0.6602	-3.2705
0.8384	-1.0000	-3.0113
0.8384	-0.6602	-3.0113
0.8384	-1.0000	-3.2705
0.8384	-0.6602	-3.2705
Box 4
0.5496	-1.0000	-2.5406
0.5496	-0.7892	-2.5406
0.5496	-1.0000	-2.8022
0.5496	-0.7892	-2.8022
0.6627	-1.0000	-2.5406
0.6627	-0.7892	-2.5406
0.6627	-1.0000	-2.8022
0.6627	-0.7892	-2.8022
Box 5
0.9998	-1.0000	-2.6212
0.9998	-0.9327	-2.6212
0.9998	-1.0000	-3.0312
0.9998	-0.9327	-3.0312
1.1122	-1.0000	-2.6212
1.1122	-0.9327	-2.6212
1.1122	-1.0000	-3.0312
1.1122	-0.9327	-3.0312
Box 6
0.8982	-1.0000	-2.8741
0.8982	-0.8044	-2.8741
0.8982	-1.0000	-2.5744
0.8982	-0.8044	-2.5744
1.0248	-1.0000	-2.8741
1.0248	-0.8044	-2.8741
1.0248	-1.0000	-2.5744
1.0248	-0.8044	-2.5744
Box 7
0.8361	-1.0000	-3.1259
0.8361	-0.9360	-3.1259
0.8361	-1.0000	-3.5908
0.8361	-0.9360	-3.5908
0.9754	-1.0000	-3.1259
0.9754	-0.9360	-3.1259
0.9754	-1.0000	-3.5908
0.9754	-0.9360	-3.5908
REGIONS
