CAMERA HEIGHT:
1
BACKGROUND:
BOXES:
Box 0
0.9251	-1.0000	-3.9183
0.9251	-0.5262	-3.9183
0.9251	-1.0000	-4.0544
0.9251	-0.5262	-4.0544
1.0645	-1.0000	-3.9183
1.0645	-0.5262	-3.9183
1.0645	-1.0000	-4.0544
1.0645	-0.5262	-4.0544
Box 1
0.8382	-1.0000	-2.4843
0.8382	-0.9030	-2.4843
0.8382	-1.0000	-3.2905
0.8382	-0.9030	-3.2905
0.9240	-1.0000	-2.4843
0.9240	-0.9030	-2.4843
0.9240	-1.0000	-3.2905
0.9240	-0.9030	-3.2905
Box 2
0.9931	-1.0000	-2.4815
0.9931	-0.9011	-2.4815
0.9931	-1.0000	-3.1845
0.9931	-0.9011	-3.1845
1.0945	-1.0000	-2.4815
1.0945	-0.9011	-2.4815
1.0945	-1.0000	-3.1845
1.0945	-0.9011	-3.1845
Box 3
0.5942	-1.0000	-2.6516
0.5942	-0.9136	-2.6516
0.5942	-1.0000	-3.2291
0.5942	-0.9136	-3.2291
0.6775	-1.0000	-2.6516
0.6775	-0.9136	-2.6516
0.6775	-1.0000	-3.2291
0.6775	-0.9136	-3.2291
Box 4
0.7413	-1.0000	-2.4827
0.7413	-0.8554	-2.4827
0.7413	-1.0000	-3.0920
0.7413	-0.8554	-3.0920
0.7918	-1.0000	-2.4827
0.7918	-0.8554	-2.4827
0.7918	-1.0000	-3.0920
0.7918	-0.8554	-3.0920
REGIONS
