CAMERA HEIGHT:
1
BACKGROUND:
BOXES:
Box 0
0.4869	-1.0000	-2.6988
0.4869	-0.4070	-2.6988
0.4869	-1.0000	-2.7211
0.4869	-0.4070	-2.7211
0.5607	-1.0000	-2.6988
0.5607	-0.4070	-2.6988
0.5607	-1.0000	-2.7211
0.5607	-0.4070	-2.7211
Box 1
0.5671	-1.0000	-3.1307
0.5671	-0.6201	-3.1307
0.5671	-1.0000	-3.4023
0.5671	-0.6201	-3.4023
0.6529	-1.0000	-3.1307
0.6529	-0.6201	-3.1307
0.6529	-1.0000	-3.4023
0.6529	-0.6201	-3.4023
Box 2
0.9158	-1.0000	-2.6977
0.9158	-0.8922	-2.6977
0.9158	-1.0000	-3.1467
0.9158	-0.8922	-3.1467
1.1774	-1.0000	-2.6977
1.1774	-0.8922	-2.6977
1.1774	-1.0000	-3.1467
1.1774	-0.8922	-3.1467
Box 3
0.6473	-1.0000	-3.3670
0.6473	-0.9245	-3.3670
0.6473	-1.0000	-3.8726
0.6473	-0.9245	-3.8726
0.7237	-1.0000	-3.3670
0.7237	-0.9245	-3.3670
0.7237	-1.0000	-3.8726
0.7237	-0.9245	-3.8726
Box 4
0.7050	-1.0000	-2.4321
0.7050	-0.9028	-2.4321
0.7050	-1.0000	-2.8169
0.7050	-0.9028	-2.8169
0.9205	-1.0000	-2.4321
0.9205	-0.9028	-2.4321
0.9205	-1.0000	-2.8169
0.9205	-0.9028	-2.8169
Box 5
0.6921	-1.0000	-4.0753
0.6921	-0.8487	-4.0753
0.6921	-1.0000	-4.6000
0.6921	-0.8487	-4.6000
0.7835	-1.0000	-4.0753
0.7835	-0.8487	-4.0753
0.7835	-1.0000	-4.6000
0.7835	-0.8487	-4.6000
Box 6
0.6374	-1.0000	-2.5982
0.6374	-0.8585	-2.5982
0.6374	-1.0000	-2.7696
0.6374	-0.8585	-2.7696
0.6620	-1.0000	-2.5982
0.6620	-0.8585	-2.5982
0.6620	-1.0000	-2.7696
0.6620	-0.8585	-2.7696
Box 7
0.7804	-1.0000	-2.6939
0.7804	-0.9600	-2.6939
0.7804	-1.0000	-3.1413
0.7804	-0.9600	-3.1413
0.8718	-1.0000	-2.6939
0.8718	-0.9600	-2.6939
0.8718	-1.0000	-3.1413
0.8718	-0.9600	-3.1413
Box 8
0.5150	-1.0000	-3.0252
0.5150	-0.9657	-3.0252
0.5150	-1.0000	-3.3413
0.5150	-0.9657	-3.3413
0.7197	-1.0000	-3.0252
0.7197	-0.9657	-3.0252
0.7197	-1.0000	-3.3413
0.7197	-0.9657	-3.3413
Box 9
0.9815	-1.0000	-2.5135
0.9815	-0.8028	-2.5135
0.9815	-1.0000	-2.9429
0.9815	-0.8028	-2.9429
1.0700	-1.0000	-2.5135
1.0700	-0.8028	-2.5135
1.0700	-1.0000	-2.9429
1.0700	-0.8028	-2.9429
REGIONS
