CAMERA HEIGHT:
1
BACKGROUND:
BOXES:
Box 0
0.8008	-1.0000	-2.7899
0.8008	-0.1458	-2.7899
0.8008	-1.0000	-0.4440
0.8008	-0.1458	-0.4440
0.9113	-1.0000	-2.7899
0.9113	-0.1458	-2.7899
0.9113	-1.0000	-0.4440
0.9113	-0.1458	-0.4440
Box 1
1.0565	-1.0000	-3.6854
1.0565	-0.3049	-3.6854
1.0565	-1.0000	-4.2453
1.0565	-0.3049	-4.2453
1.1703	-1.0000	-3.6854
1.1703	-0.3049	-3.6854
1.1703	-1.0000	-4.2453
1.1703	-0.3049	-4.2453
Box 2
0.9825	-1.0000	-3.2879
0.9825	-0.1414	-3.2879
0.9825	-1.0000	-0.5044
0.9825	-0.1414	-0.5044
1.0743	-1.0000	-3.2879
1.0743	-0.1414	-3.2879
1.0743	-1.0000	-0.5044
1.0743	-0.1414	-0.5044
Box 3
2.2842	-1.0000	-7.6462
2.2842	-0.4629	-7.6462
2.2842	-1.0000	-7.9132
2.2842	-0.4629	-7.9132
2.5001	-1.0000	-7.6462
2.5001	-0.4629	-7.6462
2.5001	-1.0000	-7.9132
2.5001	-0.4629	-7.9132
Box 4
0.4461	-1.0000	-2.4936
0.4461	-0.9409	-2.4936
0.4461	-1.0000	-3.1926
0.4461	-0.9409	-3.1926
0.5608	-1.0000	-2.4936
0.5608	-0.9409	-2.4936
0.5608	-1.0000	-3.1926
0.5608	-0.9409	-3.1926
Box 5
1.1625	-1.0000	-3.0180
1.1625	-0.7771	-3.0180
1.1625	-1.0000	-3.4522
1.1625	-0.7771	-3.4522
1.2695	-1.0000	-3.0180
1.2695	-0.7771	-3.0180
1.2695	-1.0000	-3.4522
1.2695	-0.7771	-3.4522
Box 6
1.1716	-1.0000	-2.7861
1.1716	-0.8974	-2.7861
1.1716	-1.0000	-3.3179
1.1716	-0.8974	-3.3179
1.2811	-1.0000	-2.7861
1.2811	-0.8974	-2.7861
1.2811	-1.0000	-3.3179
1.2811	-0.8974	-3.3179
Box 7
1.6490	-1.0000	-5.7409
1.6490	-0.7491	-5.7409
1.6490	-1.0000	-6.8444
1.6490	-0.7491	-6.8444
1.8162	-1.0000	-5.7409
1.8162	-0.7491	-5.7409
1.8162	-1.0000	-6.8444
1.8162	-0.7491	-6.8444
Box 8
0.8362	-1.0000	-3.0195
0.8362	-0.9728	-3.0195
0.8362	-1.0000	-3.4147
0.8362	-0.9728	-3.4147
0.8664	-1.0000	-3.0195
0.8664	-0.9728	-3.0195
0.8664	-1.0000	-3.4147
0.8664	-0.9728	-3.4147
Box 9
0.7119	-1.0000	-2.3849
0.7119	-0.6706	-2.3849
0.7119	-1.0000	-2.7814
0.7119	-0.6706	-2.7814
0.8039	-1.0000	-2.3849
0.8039	-0.6706	-2.3849
0.8039	-1.0000	-2.7814
0.8039	-0.6706	-2.7814
REGIONS
