CAMERA HEIGHT:
1
BACKGROUND:
BOXES:
Box 0
0.7222	-1.0000	-2.6566
0.7222	-0.1956	-2.6566
0.7222	-1.0000	-0.5715
0.7222	-0.1956	-0.5715
0.8200	-1.0000	-2.6566
0.8200	-0.1956	-2.6566
0.8200	-1.0000	-0.5715
0.8200	-0.1956	-0.5715
Box 1
0.7684	-1.0000	-2.8253
0.7684	-0.1692	-2.8253
0.7684	-1.0000	-2.9540
0.7684	-0.1692	-2.9540
0.8701	-1.0000	-2.8253
0.8701	-0.1692	-2.8253
0.8701	-1.0000	-2.9540
0.8701	-0.1692	-2.9540
Box 2
0.8970	-1.0000	-3.2948
0.8970	-0.3797	-3.2948
0.8970	-1.0000	-3.4180
0.8970	-0.3797	-3.4180
1.0160	-1.0000	-3.2948
1.0160	-0.3797	-3.2948
1.0160	-1.0000	-3.4180
1.0160	-0.3797	-3.4180
Box 3
0.4413	-1.0000	-2.2675
0.4413	-0.8935	-2.2675
0.4413	-1.0000	-2.8086
0.4413	-0.8935	-2.8086
0.5876	-1.0000	-2.2675
0.5876	-0.8935	-2.2675
0.5876	-1.0000	-2.8086
0.5876	-0.8935	-2.8086
Box 4
0.8163	-1.0000	-2.5422
0.8163	-0.8995	-2.5422
0.8163	-1.0000	-2.9321
0.8163	-0.8995	-2.9321
0.9466	-1.0000	-2.5422
0.9466	-0.8995	-2.5422
0.9466	-1.0000	-2.9321
0.9466	-0.8995	-2.9321
Box 5
0.7521	-1.0000	-2.3415
0.7521	-0.7111	-2.3415
0.7521	-1.0000	-2.6692
0.7521	-0.7111	-2.6692
0.8093	-1.0000	-2.3415
0.8093	-0.7111	-2.3415
0.8093	-1.0000	-2.6692
0.8093	-0.7111	-2.6692
Box 6
0.6160	-1.0000	-2.2687
0.6160	-0.8030	-2.2687
0.6160	-1.0000	-2.5621
0.6160	-0.8030	-2.5621
0.6660	-1.0000	-2.2687
0.6660	-0.8030	-2.2687
0.6660	-1.0000	-2.5621
0.6660	-0.8030	-2.5621
Box 7
0.4710	-1.0000	-2.6526
0.4710	-0.9391	-2.6526
0.4710	-1.0000	-3.2568
0.4710	-0.9391	-3.2568
0.6576	-1.0000	-2.6526
0.6576	-0.9391	-2.6526
0.6576	-1.0000	-3.2568
0.6576	-0.9391	-3.2568
Box 8
0.5491	-1.0000	-2.8259
0.5491	-0.8577	-2.8259
0.5491	-1.0000	-3.1178
0.5491	-0.8577	-3.1178
0.6389	-1.0000	-2.8259
0.6389	-0.8577	-2.8259
0.6389	-1.0000	-3.1178
0.6389	-0.8577	-3.1178
Box 9
0.8884	-1.0000	-2.2660
0.8884	-0.8928	-2.2660
0.8884	-1.0000	-2.6827
0.8884	-0.8928	-2.6827
0.9706	-1.0000	-2.2660
0.9706	-0.8928	-2.2660
0.9706	-1.0000	-2.6827
0.9706	-0.8928	-2.6827
Box 10
0.3717	-1.0000	-1.9059
0.3717	-0.6744	-1.9059
0.3717	-1.0000	-2.2038
0.3717	-0.6744	-2.2038
0.4035	-1.0000	-1.9059
0.4035	-0.6744	-1.9059
0.4035	-1.0000	-2.2038
0.4035	-0.6744	-2.2038
REGIONS
