CAMERA HEIGHT:
1
BACKGROUND:
BOXES:
Box 0
1.4996	-1.0000	-4.0165
1.4996	-0.4733	-4.0165
1.4996	-1.0000	-2.1078
1.4996	-0.4733	-2.1078
1.6696	-1.0000	-4.0165
1.6696	-0.4733	-4.0165
1.6696	-1.0000	-2.1078
1.6696	-0.4733	-2.1078
Box 1
0.7657	-1.0000	-3.1075
0.7657	-0.8007	-3.1075
0.7657	-1.0000	-3.3334
0.7657	-0.8007	-3.3334
0.8653	-1.0000	-3.1075
0.8653	-0.8007	-3.1075
0.8653	-1.0000	-3.3334
0.8653	-0.8007	-3.3334
Box 2
0.4610	-1.0000	-2.6228
0.4610	-0.9299	-2.6228
0.4610	-1.0000	-2.9062
0.4610	-0.9299	-2.9062
0.5616	-1.0000	-2.6228
0.5616	-0.9299	-2.6228
0.5616	-1.0000	-2.9062
0.5616	-0.9299	-2.9062
Box 3
0.4379	-1.0000	-2.9380
0.4379	-0.9152	-2.9380
0.4379	-1.0000	-3.3271
0.4379	-0.9152	-3.3271
0.5486	-1.0000	-2.9380
0.5486	-0.9152	-2.9380
0.5486	-1.0000	-3.3271
0.5486	-0.9152	-3.3271
Box 4
1.3047	-1.0000	-3.4998
1.3047	-0.6389	-3.4998
1.3047	-1.0000	-4.2038
1.3047	-0.6389	-4.2038
1.4548	-1.0000	-3.4998
1.4548	-0.6389	-3.4998
1.4548	-1.0000	-4.2038
1.4548	-0.6389	-4.2038
Box 5
1.6790	-1.0000	-4.5011
1.6790	-0.6625	-4.5011
1.6790	-1.0000	-4.8349
1.6790	-0.6625	-4.8349
1.7905	-1.0000	-4.5011
1.7905	-0.6625	-4.5011
1.7905	-1.0000	-4.8349
1.7905	-0.6625	-4.8349
Box 6
2.3243	-1.0000	-6.0500
2.3243	-0.6485	-6.0500
2.3243	-1.0000	-6.5253
2.3243	-0.6485	-6.5253
2.5244	-1.0000	-6.0500
2.5244	-0.6485	-6.0500
2.5244	-1.0000	-6.5253
2.5244	-0.6485	-6.5253
Box 7
4.1063	-1.0000	-10.6901
4.1063	-0.6822	-10.6901
4.1063	-1.0000	-7.9499
4.1063	-0.6822	-7.9499
4.5866	-1.0000	-10.6901
4.5866	-0.6822	-10.6901
4.5866	-1.0000	-7.9499
4.5866	-0.6822	-7.9499
Box 8
3.5855	-1.0000	-9.3295
3.5855	-0.7630	-9.3295
3.5855	-1.0000	-10.0752
3.5855	-0.7630	-10.0752
3.9912	-1.0000	-9.3295
3.9912	-0.7630	-9.3295
3.9912	-1.0000	-10.0752
3.9912	-0.7630	-10.0752
Box 9
0.4625	-1.0000	-3.1087
0.4625	-0.9424	-3.1087
0.4625	-1.0000	-3.3253
0.4625	-0.9424	-3.3253
0.5460	-1.0000	-3.1087
0.5460	-0.9424	-3.1087
0.5460	-1.0000	-3.3253
0.5460	-0.9424	-3.3253
Box 10
2.5350	-1.0000	-6.7940
2.5350	-0.4872	-6.7940
2.5350	-1.0000	-8.0625
2.5350	-0.4872	-8.0625
2.8344	-1.0000	-6.7940
2.8344	-0.4872	-6.7940
2.8344	-1.0000	-8.0625
2.8344	-0.4872	-8.0625
REGIONS
