CAMERA HEIGHT:
1
BACKGROUND:
BOXES:
Box 0
1.1800	-1.0000	-2.4359
1.1800	-0.2082	-2.4359
1.1800	-1.0000	-2.6628
1.1800	-0.2082	-2.6628
1.2708	-1.0000	-2.4359
1.2708	-0.2082	-2.4359
1.2708	-1.0000	-2.6628
1.2708	-0.2082	-2.6628
Box 1
1.0370	-1.0000	-2.2003
1.0370	-0.2590	-2.2003
1.0370	-1.0000	-2.7160
1.0370	-0.2590	-2.7160
1.1487	-1.0000	-2.2003
1.1487	-0.2590	-2.2003
1.1487	-1.0000	-2.7160
1.1487	-0.2590	-2.7160
Box 2
1.4143	-1.0000	-2.9223
1.4143	-0.3996	-2.9223
1.4143	-1.0000	-1.3914
1.4143	-0.3996	-1.3914
1.5231	-1.0000	-2.9223
1.5231	-0.3996	-2.9223
1.5231	-1.0000	-1.3914
1.5231	-0.3996	-1.3914
Box 3
1.2439	-1.0000	-2.5704
1.2439	-0.3277	-2.5704
1.2439	-1.0000	-2.8678
1.2439	-0.3277	-2.8678
1.3389	-1.0000	-2.5704
1.3389	-0.3277	-2.5704
1.3389	-1.0000	-2.8678
1.3389	-0.3277	-2.8678
Box 4
1.5830	-1.0000	-3.2691
1.5830	-0.7215	-3.2691
1.5830	-1.0000	-2.7782
1.5830	-0.7215	-2.7782
1.7614	-1.0000	-3.2691
1.7614	-0.7215	-3.2691
1.7614	-1.0000	-2.7782
1.7614	-0.7215	-2.7782
Box 5
1.4274	-1.0000	-3.0310
1.4274	-0.5323	-3.0310
1.4274	-1.0000	-3.4072
1.4274	-0.5323	-3.4072
1.5786	-1.0000	-3.0310
1.5786	-0.5323	-3.0310
1.5786	-1.0000	-3.4072
1.5786	-0.5323	-3.4072
Box 6
1.6653	-1.0000	-3.3678
1.6653	-0.4586	-3.3678
1.6653	-1.0000	-3.7475
1.6653	-0.4586	-3.7475
1.7018	-1.0000	-3.3678
1.7018	-0.4586	-3.3678
1.7018	-1.0000	-3.7475
1.7018	-0.4586	-3.7475
Box 7
0.5502	-1.0000	-2.2047
0.5502	-0.9049	-2.2047
0.5502	-1.0000	-2.5461
0.5502	-0.9049	-2.5461
0.6585	-1.0000	-2.2047
0.6585	-0.9049	-2.2047
0.6585	-1.0000	-2.5461
0.6585	-0.9049	-2.5461
Box 8
0.4991	-1.0000	-2.8370
0.4991	-0.8694	-2.8370
0.4991	-1.0000	-3.0963
0.4991	-0.8694	-3.0963
0.6103	-1.0000	-2.8370
0.6103	-0.8694	-2.8370
0.6103	-1.0000	-3.0963
0.6103	-0.8694	-3.0963
Box 9
0.4290	-1.0000	-2.4335
0.4290	-0.8955	-2.4335
0.4290	-1.0000	-2.9409
0.4290	-0.8955	-2.9409
0.5533	-1.0000	-2.4335
0.5533	-0.8955	-2.4335
0.5533	-1.0000	-2.9409
0.5533	-0.8955	-2.9409
Box 10
1.1659	-1.0000	-2.9177
1.1659	-0.8929	-2.9177
1.1659	-1.0000	-3.3620
1.1659	-0.8929	-3.3620
1.2226	-1.0000	-2.9177
1.2226	-0.8929	-2.9177
1.2226	-1.0000	-3.3620
1.2226	-0.8929	-3.3620
Box 11
0.4544	-1.0000	-2.9232
0.4544	-0.9403	-2.9232
0.4544	-1.0000	-3.2441
0.4544	-0.9403	-3.2441
0.6295	-1.0000	-2.9232
0.6295	-0.9403	-2.9232
0.6295	-1.0000	-3.2441
0.6295	-0.9403	-3.2441
REGIONS
