CAMERA HEIGHT:
1
BACKGROUND:
BOXES:
Box 0
1.0031	-1.0000	-3.2497
1.0031	-0.2128	-3.2497
1.0031	-1.0000	-3.4329
1.0031	-0.2128	-3.4329
1.1253	-1.0000	-3.2497
1.1253	-0.2128	-3.2497
1.1253	-1.0000	-3.4329
1.1253	-0.2128	-3.4329
Box 1
1.9516	-1.0000	-6.3268
1.9516	-0.5134	-6.3268
1.9516	-1.0000	-6.5981
1.9516	-0.5134	-6.5981
2.1956	-1.0000	-6.3268
2.1956	-0.5134	-6.3268
2.1956	-1.0000	-6.5981
2.1956	-0.5134	-6.5981
Box 2
1.0047	-1.0000	-2.7537
1.0047	-0.8129	-2.7537
1.0047	-1.0000	-3.1564
1.0047	-0.8129	-3.1564
1.1082	-1.0000	-2.7537
1.1082	-0.8129	-2.7537
1.1082	-1.0000	-3.1564
1.1082	-0.8129	-3.1564
Box 3
1.2629	-1.0000	-3.8410
1.2629	-0.6066	-3.8410
1.2629	-1.0000	-4.1353
1.2629	-0.6066	-4.1353
1.3319	-1.0000	-3.8410
1.3319	-0.6066	-3.8410
1.3319	-1.0000	-4.1353
1.3319	-0.6066	-4.1353
Box 4
0.6156	-1.0000	-2.6928
0.6156	-0.7941	-2.6928
0.6156	-1.0000	-2.9858
0.6156	-0.7941	-2.9858
0.7388	-1.0000	-2.6928
0.7388	-0.7941	-2.6928
0.7388	-1.0000	-2.9858
0.7388	-0.7941	-2.9858
Box 5
1.0161	-1.0000	-2.8685
1.0161	-0.8476	-2.8685
1.0161	-1.0000	-2.7031
1.0161	-0.8476	-2.7031
1.0820	-1.0000	-2.8685
1.0820	-0.8476	-2.8685
1.0820	-1.0000	-2.7031
1.0820	-0.8476	-2.7031
Box 6
0.9831	-1.0000	-2.3864
0.9831	-0.8856	-2.3864
0.9831	-1.0000	-2.7814
0.9831	-0.8856	-2.7814
1.1063	-1.0000	-2.3864
1.1063	-0.8856	-2.3864
1.1063	-1.0000	-2.7814
1.1063	-0.8856	-2.7814
Box 7
0.7144	-1.0000	-2.4777
0.7144	-0.9007	-2.4777
0.7144	-1.0000	-2.8393
0.7144	-0.9007	-2.8393
0.8130	-1.0000	-2.4777
0.8130	-0.9007	-2.4777
0.8130	-1.0000	-2.8393
0.8130	-0.9007	-2.8393
Box 8
0.7555	-1.0000	-2.7543
0.7555	-0.9609	-2.7543
0.7555	-1.0000	-3.1955
0.7555	-0.9609	-3.1955
0.9030	-1.0000	-2.7543
0.9030	-0.9609	-2.7543
0.9030	-1.0000	-3.1955
0.9030	-0.9609	-3.1955
Box 9
0.9942	-1.0000	-2.8659
0.9942	-0.7700	-2.8659
0.9942	-1.0000	-3.3637
0.9942	-0.7700	-3.3637
1.0161	-1.0000	-2.8659
1.0161	-0.7700	-2.8659
1.0161	-1.0000	-3.3637
1.0161	-0.7700	-3.3637
REGIONS
