CAMERA HEIGHT:
1
BACKGROUND:
BOXES:
Box 0
0.9967	-1.0000	-3.2526
0.9967	-0.6993	-3.2526
0.9967	-1.0000	-3.6697
0.9967	-0.6993	-3.6697
1.1159	-1.0000	-3.2526
1.1159	-0.6993	-3.2526
1.1159	-1.0000	-3.6697
1.1159	-0.6993	-3.6697
Box 1
0.9018	-1.0000	-2.8226
0.9018	-0.2094	-2.8226
0.9018	-1.0000	-3.3167
0.9018	-0.2094	-3.3167
0.9402	-1.0000	-2.8226
0.9402	-0.2094	-2.8226
0.9402	-1.0000	-3.3167
0.9402	-0.2094	-3.3167
Box 2
0.7177	-1.0000	-2.5292
0.7177	-0.8142	-2.5292
0.7177	-1.0000	-2.9114
0.7177	-0.8142	-2.9114
0.9164	-1.0000	-2.5292
0.9164	-0.8142	-2.5292
0.9164	-1.0000	-2.9114
0.9164	-0.8142	-2.9114
Box 3
1.7444	-1.0000	-5.6971
1.7444	-0.3709	-5.6971
1.7444	-1.0000	-2.2508
1.7444	-0.3709	-2.2508
1.9469	-1.0000	-5.6971
1.9469	-0.3709	-5.6971
1.9469	-1.0000	-2.2508
1.9469	-0.3709	-2.2508
Box 4
0.9588	-1.0000	-2.5280
0.9588	-0.8960	-2.5280
0.9588	-1.0000	-3.0009
0.9588	-0.8960	-3.0009
1.0617	-1.0000	-2.5280
1.0617	-0.8960	-2.5280
1.0617	-1.0000	-3.0009
1.0617	-0.8960	-3.0009
Box 5
2.1221	-1.0000	-7.2938
2.1221	-0.7681	-7.2938
2.1221	-1.0000	-9.0917
2.1221	-0.7681	-9.0917
2.4284	-1.0000	-7.2938
2.4284	-0.7681	-7.2938
2.4284	-1.0000	-9.0917
2.4284	-0.7681	-9.0917
Box 6
0.6101	-1.0000	-2.8250
0.6101	-0.9482	-2.8250
0.6101	-1.0000	-3.3065
0.6101	-0.9482	-3.3065
0.8208	-1.0000	-2.8250
0.8208	-0.9482	-2.8250
0.8208	-1.0000	-3.3065
0.8208	-0.9482	-3.3065
Box 7
3.4959	-1.0000	-11.4237
3.4959	-0.6114	-11.4237
3.4959	-1.0000	-11.8997
3.4959	-0.6114	-11.8997
3.7942	-1.0000	-11.4237
3.7942	-0.6114	-11.4237
3.7942	-1.0000	-11.8997
3.7942	-0.6114	-11.8997
Box 8
0.9121	-1.0000	-2.9760
0.9121	-0.9150	-2.9760
0.9121	-1.0000	-3.4908
0.9121	-0.9150	-3.4908
1.0481	-1.0000	-2.9760
1.0481	-0.9150	-2.9760
1.0481	-1.0000	-3.4908
1.0481	-0.9150	-3.4908
Box 9
0.6502	-1.0000	-3.1105
0.6502	-0.9553	-3.1105
0.6502	-1.0000	-3.5087
0.6502	-0.9553	-3.5087
0.7219	-1.0000	-3.1105
0.7219	-0.9553	-3.1105
0.7219	-1.0000	-3.5087
0.7219	-0.9553	-3.5087
Box 10
1.1709	-1.0000	-3.5049
1.1709	-0.3690	-3.5049
1.1709	-1.0000	-1.4135
1.1709	-0.3690	-1.4135
1.2035	-1.0000	-3.5049
1.2035	-0.3690	-3.5049
1.2035	-1.0000	-1.4135
1.2035	-0.3690	-1.4135
REGIONS
