CAMERA HEIGHT:
1
BACKGROUND:
BOXES:
Box 0
1.0839	-1.0000	-2.8686
1.0839	-0.1753	-2.8686
1.0839	-1.0000	-0.5864
1.0839	-0.1753	-0.5864
1.1623	-1.0000	-2.8686
1.1623	-0.1753	-2.8686
1.1623	-1.0000	-0.5864
1.1623	-0.1753	-0.5864
Box 1
0.5367	-1.0000	-2.5577
0.5367	-0.8913	-2.5577
0.5367	-1.0000	-2.9697
0.5367	-0.8913	-2.9697
0.7524	-1.0000	-2.5577
0.7524	-0.8913	-2.5577
0.7524	-1.0000	-2.9697
0.7524	-0.8913	-2.9697
Box 2
1.6025	-1.0000	-4.2382
1.6025	-0.4678	-4.2382
1.6025	-1.0000	-4.9522
1.6025	-0.4678	-4.9522
1.7205	-1.0000	-4.2382
1.7205	-0.4678	-4.2382
1.7205	-1.0000	-4.9522
1.7205	-0.4678	-4.9522
Box 3
0.8407	-1.0000	-2.6907
0.8407	-0.8040	-2.6907
0.8407	-1.0000	-3.1330
0.8407	-0.8040	-3.1330
0.9672	-1.0000	-2.6907
0.9672	-0.8040	-2.6907
0.9672	-1.0000	-3.1330
0.9672	-0.8040	-3.1330
Box 4
0.9316	-1.0000	-2.8731
0.9316	-0.8952	-2.8731
0.9316	-1.0000	-3.3084
0.9316	-0.8952	-3.3084
1.0839	-1.0000	-2.8731
1.0839	-0.8952	-2.8731
1.0839	-1.0000	-3.3084
1.0839	-0.8952	-3.3084
Box 5
1.5009	-1.0000	-3.9774
1.5009	-0.8923	-3.9774
1.5009	-1.0000	-4.5724
1.5009	-0.8923	-4.5724
1.6108	-1.0000	-3.9774
1.6108	-0.8923	-3.9774
1.6108	-1.0000	-4.5724
1.6108	-0.8923	-4.5724
Box 6
0.6015	-1.0000	-2.8695
0.6015	-0.8963	-2.8695
0.6015	-1.0000	-3.1552
0.6015	-0.8963	-3.1552
0.6712	-1.0000	-2.8695
0.6712	-0.8963	-2.8695
0.6712	-1.0000	-3.1552
0.6712	-0.8963	-3.1552
Box 7
0.6505	-1.0000	-2.5604
0.6505	-0.8574	-2.5604
0.6505	-1.0000	-2.8468
0.6505	-0.8574	-2.8468
0.6837	-1.0000	-2.5604
0.6837	-0.8574	-2.5604
0.6837	-1.0000	-2.8468
0.6837	-0.8574	-2.8468
Box 8
3.6036	-1.0000	-10.0014
3.6036	-0.7008	-10.0014
3.6036	-1.0000	-10.5638
3.6036	-0.7008	-10.5638
4.0652	-1.0000	-10.0014
4.0652	-0.7008	-10.0014
4.0652	-1.0000	-10.5638
4.0652	-0.7008	-10.5638
REGIONS
