CAMERA HEIGHT:
1
BACKGROUND:
BOXES:
Box 0
0.6710	-1.0000	-2.3765
0.6710	-0.7952	-2.3765
0.6710	-1.0000	-2.6779
0.6710	-0.7952	-2.6779
0.7457	-1.0000	-2.3765
0.7457	-0.7952	-2.3765
0.7457	-1.0000	-2.6779
0.7457	-0.7952	-2.6779
Box 1
0.8367	-1.0000	-2.6667
0.8367	-0.9398	-2.6667
0.8367	-1.0000	-3.2757
0.8367	-0.9398	-3.2757
0.9392	-1.0000	-2.6667
0.9392	-0.9398	-2.6667
0.9392	-1.0000	-3.2757
0.9392	-0.9398	-3.2757
Box 2
0.4599	-1.0000	-2.5276
0.4599	-0.8895	-2.5276
0.4599	-1.0000	-2.8165
0.4599	-0.8895	-2.8165
0.5247	-1.0000	-2.5276
0.5247	-0.8895	-2.5276
0.5247	-1.0000	-2.8165
0.5247	-0.8895	-2.8165
Box 3
1.0640	-1.0000	-2.5245
1.0640	-0.9101	-2.5245
1.0640	-1.0000	-3.0385
1.0640	-0.9101	-3.0385
1.2383	-1.0000	-2.5245
1.2383	-0.9101	-2.5245
1.2383	-1.0000	-3.0385
1.2383	-0.9101	-3.0385
Box 4
0.5898	-1.0000	-3.0890
0.5898	-0.9712	-3.0890
0.5898	-1.0000	-3.5276
0.5898	-0.9712	-3.5276
0.9677	-1.0000	-3.0890
0.9677	-0.9712	-3.0890
0.9677	-1.0000	-3.5276
0.9677	-0.9712	-3.5276
Box 5
0.6377	-1.0000	-2.4501
0.6377	-0.9186	-2.4501
0.6377	-1.0000	-2.7806
0.6377	-0.9186	-2.7806
0.7181	-1.0000	-2.4501
0.7181	-0.9186	-2.4501
0.7181	-1.0000	-2.7806
0.7181	-0.9186	-2.7806
Box 6
1.0543	-1.0000	-2.9104
1.0543	-0.9142	-2.9104
1.0543	-1.0000	-2.9822
1.0543	-0.9142	-2.9822
1.1591	-1.0000	-2.9104
1.1591	-0.9142	-2.9104
1.1591	-1.0000	-2.9822
1.1591	-0.9142	-2.9822
Box 7
0.4478	-1.0000	-2.9133
0.4478	-0.9163	-2.9133
0.4478	-1.0000	-3.2040
0.4478	-0.9163	-3.2040
0.5572	-1.0000	-2.9133
0.5572	-0.9163	-2.9133
0.5572	-1.0000	-3.2040
0.5572	-0.9163	-3.2040
Box 8
1.0588	-1.0000	-2.6656
1.0588	-0.9600	-2.6656
1.0588	-1.0000	-3.3992
1.0588	-0.9600	-3.3992
1.1612	-1.0000	-2.6656
1.1612	-0.9600	-2.6656
1.1612	-1.0000	-3.3992
1.1612	-0.9600	-3.3992
REGIONS
