CAMERA HEIGHT:
1
BACKGROUND:
BOXES:
Box 0
1.2229	-1.0000	-2.9097
1.2229	-0.2274	-2.9097
1.2229	-1.0000	-3.9009
1.2229	-0.2274	-3.9009
1.2799	-1.0000	-2.9097
1.2799	-0.2274	-2.9097
1.2799	-1.0000	-3.9009
1.2799	-0.2274	-3.9009
Box 1
0.8509	-1.0000	-2.7075
0.8509	-0.8986	-2.7075
0.8509	-1.0000	-3.1126
0.8509	-0.8986	-3.1126
1.0618	-1.0000	-2.7075
1.0618	-0.8986	-2.7075
1.0618	-1.0000	-3.1126
1.0618	-0.8986	-3.1126
Box 2
0.5883	-1.0000	-2.7067
0.5883	-0.8143	-2.7067
0.5883	-1.0000	-2.9833
0.5883	-0.8143	-2.9833
0.7128	-1.0000	-2.7067
0.7128	-0.8143	-2.7067
0.7128	-1.0000	-2.9833
0.7128	-0.8143	-2.9833
Box 3
1.0798	-1.0000	-3.3152
1.0798	-0.9593	-3.3152
1.0798	-1.0000	-3.8296
1.0798	-0.9593	-3.8296
1.2038	-1.0000	-3.3152
1.2038	-0.9593	-3.3152
1.2038	-1.0000	-3.8296
1.2038	-0.9593	-3.8296
Box 4
0.7449	-1.0000	-3.0160
0.7449	-0.7943	-3.0160
0.7449	-1.0000	-3.3127
0.7449	-0.7943	-3.3127
0.8692	-1.0000	-3.0160
0.8692	-0.7943	-3.0160
0.8692	-1.0000	-3.3127
0.8692	-0.7943	-3.3127
Box 5
0.9027	-1.0000	-3.1264
0.9027	-0.9034	-3.1264
0.9027	-1.0000	-3.5670
0.9027	-0.9034	-3.5670
1.0687	-1.0000	-3.1264
1.0687	-0.9034	-3.1264
1.0687	-1.0000	-3.5670
1.0687	-0.9034	-3.5670
REGIONS
