CAMERA HEIGHT:
1
BACKGROUND:
BOXES:
Box 0
0.7377	-1.0000	-2.8530
0.7377	-0.7069	-2.8530
0.7377	-1.0000	-3.2051
0.7377	-0.7069	-3.2051
1.0168	-1.0000	-2.8530
1.0168	-0.7069	-2.8530
1.0168	-1.0000	-3.2051
1.0168	-0.7069	-3.2051
Box 1
1.0017	-1.0000	-3.0798
1.0017	-0.6513	-3.0798
1.0017	-1.0000	-3.4333
1.0017	-0.6513	-3.4333
1.0981	-1.0000	-3.0798
1.0981	-0.6513	-3.0798
1.0981	-1.0000	-3.4333
1.0981	-0.6513	-3.4333
Box 2
0.8546	-1.0000	-3.3979
0.8546	-0.8432	-3.3979
0.8546	-1.0000	-3.6529
0.8546	-0.8432	-3.6529
1.1055	-1.0000	-3.3979
1.1055	-0.8432	-3.3979
1.1055	-1.0000	-3.6529
1.1055	-0.8432	-3.6529
Box 3
0.5232	-1.0000	-2.4192
0.5232	-0.9008	-2.4192
0.5232	-1.0000	-2.7511
0.5232	-0.9008	-2.7511
0.6273	-1.0000	-2.4192
0.6273	-0.9008	-2.4192
0.6273	-1.0000	-2.7511
0.6273	-0.9008	-2.7511
Box 4
1.0442	-1.0000	-2.4246
1.0442	-0.9040	-2.4246
1.0442	-1.0000	-2.9860
1.0442	-0.9040	-2.9860
1.2271	-1.0000	-2.4246
1.2271	-0.9040	-2.4246
1.2271	-1.0000	-2.9860
1.2271	-0.9040	-2.9860
Box 5
0.4589	-1.0000	-3.0753
0.4589	-0.9052	-3.0753
0.4589	-1.0000	-3.3106
0.4589	-0.9052	-3.3106
0.5720	-1.0000	-3.0753
0.5720	-0.9052	-3.0753
0.5720	-1.0000	-3.3106
0.5720	-0.9052	-3.3106
Box 6
1.1463	-1.0000	-3.0028
1.1463	-0.9119	-3.0028
1.1463	-1.0000	-3.4582
1.1463	-0.9119	-3.4582
1.2948	-1.0000	-3.0028
1.2948	-0.9119	-3.0028
1.2948	-1.0000	-3.4582
1.2948	-0.9119	-3.4582
Box 7
1.2228	-1.0000	-3.9017
1.2228	-1.0000	-3.9017
1.2228	-1.0000	-4.3885
1.2228	-1.0000	-4.3885
1.3873	-1.0000	-3.9017
1.3873	-1.0000	-3.9017
1.3873	-1.0000	-4.3885
1.3873	-1.0000	-4.3885
Box 8
0.7551	-1.0000	-3.0058
0.7551	-0.7155	-3.0058
0.7551	-1.0000	-2.3184
0.7551	-0.7155	-2.3184
0.8655	-1.0000	-3.0058
0.8655	-0.7155	-3.0058
0.8655	-1.0000	-2.3184
0.8655	-0.7155	-2.3184
Box 9
0.8257	-1.0000	-2.4241
0.8257	-0.7884	-2.4241
0.8257	-1.0000	-2.8934
0.8257	-0.7884	-2.8934
0.8645	-1.0000	-2.4241
0.8645	-0.7884	-2.4241
0.8645	-1.0000	-2.8934
0.8645	-0.7884	-2.8934
REGIONS
