CAMERA HEIGHT:
1
BACKGROUND:
BOXES:
Box 0
0.5349	-1.0000	-2.4556
0.5349	-0.8224	-2.4556
0.5349	-1.0000	-2.7025
0.5349	-0.8224	-2.7025
0.6482	-1.0000	-2.4556
0.6482	-0.8224	-2.4556
0.6482	-1.0000	-2.7025
0.6482	-0.8224	-2.7025
Box 1
0.8077	-1.0000	-2.8178
0.8077	-0.6210	-2.8178
0.8077	-1.0000	-3.1459
0.8077	-0.6210	-3.1459
0.9887	-1.0000	-2.8178
0.9887	-0.6210	-2.8178
0.9887	-1.0000	-3.1459
0.9887	-0.6210	-3.1459
Box 2
0.4635	-1.0000	-3.2320
0.4635	-0.8776	-3.2320
0.4635	-1.0000	-3.4609
0.4635	-0.8776	-3.4609
0.6096	-1.0000	-3.2320
0.6096	-0.8776	-3.2320
0.6096	-1.0000	-3.4609
0.6096	-0.8776	-3.4609
Box 3
1.1683	-1.0000	-2.4549
1.1683	-0.9267	-2.4549
1.1683	-1.0000	-3.1799
1.1683	-0.9267	-3.1799
1.2572	-1.0000	-2.4549
1.2572	-0.9267	-2.4549
1.2572	-1.0000	-3.1799
1.2572	-0.9267	-3.1799
Box 4
0.4381	-1.0000	-2.6443
0.4381	-0.8863	-2.6443
0.4381	-1.0000	-3.1827
0.4381	-0.8863	-3.1827
0.5533	-1.0000	-2.6443
0.5533	-0.8863	-2.6443
0.5533	-1.0000	-3.1827
0.5533	-0.8863	-3.1827
Box 5
0.9291	-1.0000	-2.4559
0.9291	-0.8983	-2.4559
0.9291	-1.0000	-2.8635
0.9291	-0.8983	-2.8635
1.0432	-1.0000	-2.4559
1.0432	-0.8983	-2.4559
1.0432	-1.0000	-2.8635
1.0432	-0.8983	-2.8635
Box 6
0.9836	-1.0000	-3.0716
0.9836	-0.7626	-3.0716
0.9836	-1.0000	-3.4841
0.9836	-0.7626	-3.4841
1.1631	-1.0000	-3.0716
1.1631	-0.7626	-3.0716
1.1631	-1.0000	-3.4841
1.1631	-0.7626	-3.4841
Box 7
1.0278	-1.0000	-2.8151
1.0278	-0.8077	-2.8151
1.0278	-1.0000	-3.2696
1.0278	-0.8077	-3.2696
1.0650	-1.0000	-2.8151
1.0650	-0.8077	-2.8151
1.0650	-1.0000	-3.2696
1.0650	-0.8077	-3.2696
Box 8
1.2569	-1.0000	-3.6877
1.2569	-0.9173	-3.6877
1.2569	-1.0000	-4.4777
1.2569	-0.9173	-4.4777
1.3418	-1.0000	-3.6877
1.3418	-0.9173	-3.6877
1.3418	-1.0000	-4.4777
1.3418	-0.9173	-4.4777
REGIONS
