CAMERA HEIGHT:
1
BACKGROUND:
BOXES:
Box 0
0.5247	-1.0000	-2.5281
0.5247	-0.6095	-2.5281
0.5247	-1.0000	-2.7512
0.5247	-0.6095	-2.7512
0.6177	-1.0000	-2.5281
0.6177	-0.6095	-2.5281
0.6177	-1.0000	-2.7512
0.6177	-0.6095	-2.7512
Box 1
0.8286	-1.0000	-2.3760
0.8286	-0.8989	-2.3760
0.8286	-1.0000	-2.8733
0.8286	-0.8989	-2.8733
1.1827	-1.0000	-2.3760
1.1827	-0.8989	-2.3760
1.1827	-1.0000	-2.8733
1.1827	-0.8989	-2.8733
Box 2
0.9192	-1.0000	-2.9096
0.9192	-0.8341	-2.9096
0.9192	-1.0000	-3.3661
0.9192	-0.8341	-3.3661
1.0717	-1.0000	-2.9096
1.0717	-0.8341	-2.9096
1.0717	-1.0000	-3.3661
1.0717	-0.8341	-3.3661
Box 3
0.4430	-1.0000	-2.4552
0.4430	-0.8894	-2.4552
0.4430	-1.0000	-2.6824
0.4430	-0.8894	-2.6824
0.5392	-1.0000	-2.4552
0.5392	-0.8894	-2.4552
0.5392	-1.0000	-2.6824
0.5392	-0.8894	-2.6824
Box 4
0.8649	-1.0000	-2.6471
0.8649	-0.8846	-2.6471
0.8649	-1.0000	-3.0483
0.8649	-0.8846	-3.0483
0.9704	-1.0000	-2.6471
0.9704	-0.8846	-2.6471
0.9704	-1.0000	-3.0483
0.9704	-0.8846	-3.0483
Box 5
0.4791	-1.0000	-2.9149
0.4791	-0.9071	-2.9149
0.4791	-1.0000	-3.6257
0.4791	-0.9071	-3.6257
0.5252	-1.0000	-2.9149
0.5252	-0.9071	-2.9149
0.5252	-1.0000	-3.6257
0.5252	-0.9071	-3.6257
Box 6
0.5538	-1.0000	-2.5250
0.5538	-0.9546	-2.5250
0.5538	-1.0000	-2.9878
0.5538	-0.9546	-2.9878
0.7197	-1.0000	-2.5250
0.7197	-0.9546	-2.5250
0.7197	-1.0000	-2.9878
0.7197	-0.9546	-2.9878
Box 7
0.6206	-1.0000	-2.9882
0.6206	-0.8089	-2.9882
0.6206	-1.0000	-3.2330
0.6206	-0.8089	-3.2330
0.7287	-1.0000	-2.9882
0.7287	-0.8089	-2.9882
0.7287	-1.0000	-3.2330
0.7287	-0.8089	-3.2330
Box 8
1.1145	-1.0000	-3.1179
1.1145	-0.9311	-3.1179
1.1145	-1.0000	-3.5997
1.1145	-0.9311	-3.5997
1.2394	-1.0000	-3.1179
1.2394	-0.9311	-3.1179
1.2394	-1.0000	-3.5997
1.2394	-0.9311	-3.5997
Box 9
0.8104	-1.0000	-3.6940
0.8104	-0.9401	-3.6940
0.8104	-1.0000	-4.0746
0.8104	-0.9401	-4.0746
0.9025	-1.0000	-3.6940
0.9025	-0.9401	-3.6940
0.9025	-1.0000	-4.0746
0.9025	-0.9401	-4.0746
Box 10
1.0422	-1.0000	-2.7654
1.0422	-0.9243	-2.7654
1.0422	-1.0000	-3.1467
1.0422	-0.9243	-3.1467
1.2052	-1.0000	-2.7654
1.2052	-0.9243	-2.7654
1.2052	-1.0000	-3.1467
1.2052	-0.9243	-3.1467
Box 11
0.9966	-1.0000	-2.6424
0.9966	-0.8471	-2.6424
0.9966	-1.0000	-3.0584
0.9966	-0.8471	-3.0584
1.1177	-1.0000	-2.6424
1.1177	-0.8471	-2.6424
1.1177	-1.0000	-3.0584
1.1177	-0.8471	-3.0584
REGIONS
