CAMERA HEIGHT:
1
BACKGROUND:
BOXES:
Box 0
0.4394	-1.0000	-2.3716
0.4394	-0.5903	-2.3716
0.4394	-1.0000	-2.5801
0.4394	-0.5903	-2.5801
0.5457	-1.0000	-2.3716
0.5457	-0.5903	-2.3716
0.5457	-1.0000	-2.5801
0.5457	-0.5903	-2.5801
Box 1
0.4695	-1.0000	-2.5273
0.4695	-0.7170	-2.5273
0.4695	-1.0000	-2.7873
0.4695	-0.7170	-2.7873
0.6086	-1.0000	-2.5273
0.6086	-0.7170	-2.5273
0.6086	-1.0000	-2.7873
0.6086	-0.7170	-2.7873
Box 2
0.5134	-1.0000	-2.7677
0.5134	-0.8261	-2.7677
0.5134	-1.0000	-2.4515
0.5134	-0.8261	-2.4515
0.6683	-1.0000	-2.7677
0.6683	-0.8261	-2.7677
0.6683	-1.0000	-2.4515
0.6683	-0.8261	-2.4515
Box 3
1.2064	-1.0000	-3.1446
1.2064	-0.7487	-3.1446
1.2064	-1.0000	-3.6485
1.2064	-0.7487	-3.6485
1.3187	-1.0000	-3.1446
1.3187	-0.7487	-3.1446
1.3187	-1.0000	-3.6485
1.3187	-0.7487	-3.6485
Box 4
0.9092	-1.0000	-2.3725
0.9092	-0.8869	-2.3725
0.9092	-1.0000	-2.8089
0.9092	-0.8869	-2.8089
1.1041	-1.0000	-2.3725
1.1041	-0.8869	-2.3725
1.1041	-1.0000	-2.8089
1.1041	-0.8869	-2.8089
Box 5
1.1211	-1.0000	-2.6773
1.1211	-0.8892	-2.6773
1.1211	-1.0000	-3.1606
1.1211	-0.8892	-3.1606
1.2411	-1.0000	-2.6773
1.2411	-0.8892	-2.6773
1.2411	-1.0000	-3.1606
1.2411	-0.8892	-3.1606
Box 6
0.4725	-1.0000	-2.9088
0.4725	-0.9026	-2.9088
0.4725	-1.0000	-3.2973
0.4725	-0.9026	-3.2973
0.5134	-1.0000	-2.9088
0.5134	-0.9026	-2.9088
0.5134	-1.0000	-3.2973
0.5134	-0.9026	-3.2973
Box 7
0.6358	-1.0000	-2.7675
0.6358	-0.9208	-2.7675
0.6358	-1.0000	-3.1072
0.6358	-0.9208	-3.1072
0.7641	-1.0000	-2.7675
0.7641	-0.9208	-2.7675
0.7641	-1.0000	-3.1072
0.7641	-0.9208	-3.1072
Box 8
0.7527	-1.0000	-2.3722
0.7527	-0.8865	-2.3722
0.7527	-1.0000	-2.7200
0.7527	-0.8865	-2.7200
0.8570	-1.0000	-2.3722
0.8570	-0.8865	-2.3722
0.8570	-1.0000	-2.7200
0.8570	-0.8865	-2.7200
Box 9
0.5643	-1.0000	-2.4519
0.5643	-0.7809	-2.4519
0.5643	-1.0000	-2.6957
0.5643	-0.7809	-2.6957
0.6436	-1.0000	-2.4519
0.6436	-0.7809	-2.4519
0.6436	-1.0000	-2.6957
0.6436	-0.7809	-2.6957
Box 10
0.3711	-1.0000	-1.9989
0.3711	-0.6656	-1.9989
0.3711	-1.0000	-2.1910
0.3711	-0.6656	-2.1910
0.4026	-1.0000	-1.9989
0.4026	-0.6656	-1.9989
0.4026	-1.0000	-2.1910
0.4026	-0.6656	-2.1910
REGIONS
