CAMERA HEIGHT:
1
BACKGROUND:
BOXES:
Box 0
0.8115	-1.0000	-2.4090
0.8115	-0.5985	-2.4090
0.8115	-1.0000	-2.8641
0.8115	-0.5985	-2.8641
0.9324	-1.0000	-2.4090
0.9324	-0.5985	-2.4090
0.9324	-1.0000	-2.8641
0.9324	-0.5985	-2.8641
Box 1
0.9164	-1.0000	-2.7266
0.9164	-0.6406	-2.7266
0.9164	-1.0000	-3.4943
0.9164	-0.6406	-3.4943
1.0174	-1.0000	-2.7266
1.0174	-0.6406	-2.7266
1.0174	-1.0000	-3.4943
1.0174	-0.6406	-3.4943
Box 2
0.9637	-1.0000	-2.7318
0.9637	-0.8037	-2.7318
0.9637	-1.0000	-2.5859
0.9637	-0.8037	-2.5859
1.1029	-1.0000	-2.7318
1.1029	-0.8037	-2.7318
1.1029	-1.0000	-2.5859
1.1029	-0.8037	-2.5859
Box 3
0.7170	-1.0000	-2.5359
0.7170	-0.6760	-2.5359
0.7170	-1.0000	-2.8753
0.7170	-0.6760	-2.8753
0.7857	-1.0000	-2.5359
0.7857	-0.6760	-2.5359
0.7857	-1.0000	-2.8753
0.7857	-0.6760	-2.8753
Box 4
0.9324	-1.0000	-2.4103
0.9324	-0.8847	-2.4103
0.9324	-1.0000	-2.9126
0.9324	-0.8847	-2.9126
1.0632	-1.0000	-2.4103
1.0632	-0.8847	-2.4103
1.0632	-1.0000	-2.9126
1.0632	-0.8847	-2.9126
Box 5
1.2923	-1.0000	-4.4233
1.2923	-0.8555	-4.4233
1.2923	-1.0000	-4.0590
1.2923	-0.8555	-4.0590
1.4874	-1.0000	-4.4233
1.4874	-0.8555	-4.4233
1.4874	-1.0000	-4.0590
1.4874	-0.8555	-4.0590
Box 6
1.1113	-1.0000	-3.5916
1.1113	-0.8428	-3.5916
1.1113	-1.0000	-4.1611
1.1113	-0.8428	-4.1611
1.2660	-1.0000	-3.5916
1.2660	-0.8428	-3.5916
1.2660	-1.0000	-4.1611
1.2660	-0.8428	-4.1611
Box 7
0.5582	-1.0000	-2.5373
0.5582	-0.8835	-2.5373
0.5582	-1.0000	-2.8704
0.5582	-0.8835	-2.8704
0.6703	-1.0000	-2.5373
0.6703	-0.8835	-2.5373
0.6703	-1.0000	-2.8704
0.6703	-0.8835	-2.8704
Box 8
1.1108	-1.0000	-2.8763
1.1108	-0.8971	-2.8763
1.1108	-1.0000	-3.4021
1.1108	-0.8971	-3.4021
1.2378	-1.0000	-2.8763
1.2378	-0.8971	-2.8763
1.2378	-1.0000	-3.4021
1.2378	-0.8971	-3.4021
Box 9
0.5583	-1.0000	-2.6536
0.5583	-0.8734	-2.6536
0.5583	-1.0000	-3.1565
0.5583	-0.8734	-3.1565
1.1444	-1.0000	-2.6536
1.1444	-0.8734	-2.6536
1.1444	-1.0000	-3.1565
1.1444	-0.8734	-3.1565
Box 10
1.2023	-1.0000	-3.3993
1.2023	-0.8438	-3.3993
1.2023	-1.0000	-3.3404
1.2023	-0.8438	-3.3404
1.3693	-1.0000	-3.3993
1.3693	-0.8438	-3.3993
1.3693	-1.0000	-3.3404
1.3693	-0.8438	-3.3404
REGIONS
