CAMERA HEIGHT:
1
BACKGROUND:
BOXES:
Box 0
0.7737	-1.0000	-2.3105
0.7737	-0.5876	-2.3105
0.7737	-1.0000	-2.6004
0.7737	-0.5876	-2.6004
0.8531	-1.0000	-2.3105
0.8531	-0.5876	-2.3105
0.8531	-1.0000	-2.6004
0.8531	-0.5876	-2.6004
Box 1
0.5501	-1.0000	-2.5921
0.5501	-0.8359	-2.5921
0.5501	-1.0000	-3.0301
0.5501	-0.8359	-3.0301
1.1553	-1.0000	-2.5921
1.1553	-0.8359	-2.5921
1.1553	-1.0000	-3.0301
1.1553	-0.8359	-3.0301
Box 2
1.1107	-1.0000	-2.8135
1.1107	-0.6472	-2.8135
1.1107	-1.0000	-3.2385
1.1107	-0.6472	-3.2385
1.2526	-1.0000	-2.8135
1.2526	-0.6472	-2.8135
1.2526	-1.0000	-3.2385
1.2526	-0.6472	-3.2385
Box 3
0.9395	-1.0000	-2.7236
0.9395	-0.6657	-2.7236
0.9395	-1.0000	-2.0344
0.9395	-0.6657	-2.0344
1.0373	-1.0000	-2.7236
1.0373	-0.6657	-2.7236
1.0373	-1.0000	-2.0344
1.0373	-0.6657	-2.0344
Box 4
1.0764	-1.0000	-2.2009
1.0764	-0.8756	-2.2009
1.0764	-1.0000	-2.7044
1.0764	-0.8756	-2.7044
1.1911	-1.0000	-2.2009
1.1911	-0.8756	-2.2009
1.1911	-1.0000	-2.7044
1.1911	-0.8756	-2.7044
Box 5
0.6029	-1.0000	-2.3671
0.6029	-0.8119	-2.3671
0.6029	-1.0000	-2.7103
0.6029	-0.8119	-2.7103
0.7245	-1.0000	-2.3671
0.7245	-0.8119	-2.3671
0.7245	-1.0000	-2.7103
0.7245	-0.8119	-2.7103
Box 6
0.5493	-1.0000	-2.0767
0.5493	-0.8997	-2.0767
0.5493	-1.0000	-2.3470
0.5493	-0.8997	-2.3470
0.6361	-1.0000	-2.0767
0.6361	-0.8997	-2.0767
0.6361	-1.0000	-2.3470
0.6361	-0.8997	-2.3470
REGIONS
