CAMERA HEIGHT:
1
BACKGROUND:
BOXES:
Box 0
0.7154	-1.0000	-2.4689
0.7154	-0.8832	-2.4689
0.7154	-1.0000	-3.2920
0.7154	-0.8832	-3.2920
1.0926	-1.0000	-2.4689
1.0926	-0.8832	-2.4689
1.0926	-1.0000	-3.2920
1.0926	-0.8832	-3.2920
Box 1
0.5867	-1.0000	-2.5723
0.5867	-0.6968	-2.5723
0.5867	-1.0000	-2.8648
0.5867	-0.6968	-2.8648
0.6880	-1.0000	-2.5723
0.6880	-0.6968	-2.5723
0.6880	-1.0000	-2.8648
0.6880	-0.6968	-2.8648
Box 2
0.6958	-1.0000	-3.0445
0.6958	-0.9666	-3.0445
0.6958	-1.0000	-3.5443
0.6958	-0.9666	-3.5443
1.0524	-1.0000	-3.0445
1.0524	-0.9666	-3.0445
1.0524	-1.0000	-3.5443
1.0524	-0.9666	-3.5443
Box 3
1.2259	-1.0000	-3.3821
1.2259	-0.9540	-3.3821
1.2259	-1.0000	-3.9097
1.2259	-0.9540	-3.9097
1.4148	-1.0000	-3.3821
1.4148	-0.9540	-3.3821
1.4148	-1.0000	-3.9097
1.4148	-0.9540	-3.9097
Box 4
0.9660	-1.0000	-2.7980
0.9660	-0.8874	-2.7980
0.9660	-1.0000	-3.2741
0.9660	-0.8874	-3.2741
1.0136	-1.0000	-2.7980
1.0136	-0.8874	-2.7980
1.0136	-1.0000	-3.2741
1.0136	-0.8874	-3.2741
Box 5
0.9404	-1.0000	-4.6595
0.9404	-0.9424	-4.6595
0.9404	-1.0000	-5.2210
0.9404	-0.9424	-5.2210
1.0633	-1.0000	-4.6595
1.0633	-0.9424	-4.6595
1.0633	-1.0000	-5.2210
1.0633	-0.9424	-5.2210
Box 6
0.5900	-1.0000	-2.9196
0.5900	-0.6994	-2.9196
0.5900	-1.0000	-3.3206
0.5900	-0.6994	-3.3206
0.6685	-1.0000	-2.9196
0.6685	-0.6994	-2.9196
0.6685	-1.0000	-3.3206
0.6685	-0.6994	-3.3206
REGIONS
