CAMERA HEIGHT:
1
BACKGROUND:
BOXES:
Box 0
0.6384	-1.0000	-2.8802
0.6384	-0.9425	-2.8802
0.6384	-1.0000	-3.3098
0.6384	-0.9425	-3.3098
1.0886	-1.0000	-2.8802
1.0886	-0.9425	-2.8802
1.0886	-1.0000	-3.3098
1.0886	-0.9425	-3.3098
Box 1
0.7048	-1.0000	-3.1837
0.7048	-0.8343	-3.1837
0.7048	-1.0000	-3.5166
0.7048	-0.8343	-3.5166
0.8121	-1.0000	-3.1837
0.8121	-0.8343	-3.1837
0.8121	-1.0000	-3.5166
0.8121	-0.8343	-3.5166
Box 2
1.1959	-1.0000	-2.8837
1.1959	-0.7201	-2.8837
1.1959	-1.0000	-3.5062
1.1959	-0.7201	-3.5062
1.3336	-1.0000	-2.8837
1.3336	-0.7201	-2.8837
1.3336	-1.0000	-3.5062
1.3336	-0.7201	-3.5062
Box 3
1.1092	-1.0000	-3.0535
1.1092	-0.9609	-3.0535
1.1092	-1.0000	-3.7828
1.1092	-0.9609	-3.7828
1.1791	-1.0000	-3.0535
1.1791	-0.9609	-3.0535
1.1791	-1.0000	-3.7828
1.1791	-0.9609	-3.7828
Box 4
1.8543	-1.0000	-4.0131
1.8543	-0.8661	-4.0131
1.8543	-1.0000	-4.7857
1.8543	-0.8661	-4.7857
1.8837	-1.0000	-4.0131
1.8837	-0.8661	-4.0131
1.8837	-1.0000	-4.7857
1.8837	-0.8661	-4.7857
Box 5
0.8042	-1.0000	-2.3976
0.8042	-0.8776	-2.3976
0.8042	-1.0000	-2.7292
0.8042	-0.8776	-2.7292
0.8708	-1.0000	-2.3976
0.8708	-0.8776	-2.3976
0.8708	-1.0000	-2.7292
0.8708	-0.8776	-2.7292
REGIONS
