CAMERA HEIGHT:
1
BACKGROUND:
BOXES:
Box 0
0.7708	-1.0000	-2.5008
0.7708	-0.6347	-2.5008
0.7708	-1.0000	-2.8045
0.7708	-0.6347	-2.8045
0.8824	-1.0000	-2.5008
0.8824	-0.6347	-2.5008
0.8824	-1.0000	-2.8045
0.8824	-0.6347	-2.8045
Box 1
0.6969	-1.0000	-2.8590
0.6969	-0.8666	-2.8590
0.6969	-1.0000	-3.1389
0.6969	-0.8666	-3.1389
1.0649	-1.0000	-2.8590
1.0649	-0.8666	-2.8590
1.0649	-1.0000	-3.1389
1.0649	-0.8666	-3.1389
Box 2
1.0114	-1.0000	-2.6205
1.0114	-0.6187	-2.6205
1.0114	-1.0000	-2.9089
1.0114	-0.6187	-2.9089
1.0889	-1.0000	-2.6205
1.0889	-0.6187	-2.6205
1.0889	-1.0000	-2.9089
1.0889	-0.6187	-2.9089
Box 3
0.5258	-1.0000	-2.9436
0.5258	-0.8928	-2.9436
0.5258	-1.0000	-3.3176
0.5258	-0.8928	-3.3176
0.6916	-1.0000	-2.9436
0.6916	-0.8928	-2.9436
0.6916	-1.0000	-3.3176
0.6916	-0.8928	-3.3176
Box 4
0.9544	-1.0000	-3.0996
0.9544	-0.9380	-3.0996
0.9544	-1.0000	-3.8262
0.9544	-0.9380	-3.8262
1.1970	-1.0000	-3.0996
1.1970	-0.9380	-3.0996
1.1970	-1.0000	-3.8262
1.1970	-0.9380	-3.8262
REGIONS
