CAMERA HEIGHT:
1
BACKGROUND:
BOXES:
Box 0
0.7599	-1.0000	-2.4321
0.7599	-0.6978	-2.4321
0.7599	-1.0000	-2.7933
0.7599	-0.6978	-2.7933
0.9473	-1.0000	-2.4321
0.9473	-0.6978	-2.4321
0.9473	-1.0000	-2.7933
0.9473	-0.6978	-2.7933
Box 1
0.5173	-1.0000	-2.5699
0.5173	-0.7383	-2.5699
0.5173	-1.0000	-2.9106
0.5173	-0.7383	-2.9106
0.6201	-1.0000	-2.5699
0.6201	-0.7383	-2.5699
0.6201	-1.0000	-2.9106
0.6201	-0.7383	-2.9106
Box 2
0.6979	-1.0000	-2.7679
0.6979	-0.8637	-2.7679
0.6979	-1.0000	-3.2794
0.6979	-0.8637	-3.2794
1.1736	-1.0000	-2.7679
1.1736	-0.8637	-2.7679
1.1736	-1.0000	-3.2794
1.1736	-0.8637	-3.2794
Box 3
0.6472	-1.0000	-2.8695
0.6472	-0.8467	-2.8695
0.6472	-1.0000	-3.1264
0.6472	-0.8467	-3.1264
0.7518	-1.0000	-2.8695
0.7518	-0.8467	-2.8695
0.7518	-1.0000	-3.1264
0.7518	-0.8467	-3.1264
Box 4
1.1502	-1.0000	-2.5676
1.1502	-0.8963	-2.5676
1.1502	-1.0000	-3.0496
1.1502	-0.8963	-3.0496
1.2616	-1.0000	-2.5676
1.2616	-0.8963	-2.5676
1.2616	-1.0000	-3.0496
1.2616	-0.8963	-3.0496
Box 5
1.0203	-1.0000	-2.9604
1.0203	-0.9520	-2.9604
1.0203	-1.0000	-3.6651
1.0203	-0.9520	-3.6651
1.2547	-1.0000	-2.9604
1.2547	-0.9520	-2.9604
1.2547	-1.0000	-3.6651
1.2547	-0.9520	-3.6651
Box 6
0.5552	-1.0000	-2.8657
0.5552	-0.9695	-2.8657
0.5552	-1.0000	-3.1592
0.5552	-0.9695	-3.1592
0.6202	-1.0000	-2.8657
0.6202	-0.9695	-2.8657
0.6202	-1.0000	-3.1592
0.6202	-0.9695	-3.1592
Box 7
0.8406	-1.0000	-3.2057
0.8406	-0.9438	-3.2057
0.8406	-1.0000	-3.5445
0.8406	-0.9438	-3.5445
1.0047	-1.0000	-3.2057
1.0047	-0.9438	-3.2057
1.0047	-1.0000	-3.5445
1.0047	-0.9438	-3.5445
REGIONS
