CAMERA HEIGHT:
1
BACKGROUND:
BOXES:
Box 0
0.9493	-1.0000	-2.3103
0.9493	-0.8113	-2.3103
0.9493	-1.0000	-2.6864
0.9493	-0.8113	-2.6864
1.0589	-1.0000	-2.3103
1.0589	-0.8113	-2.3103
1.0589	-1.0000	-2.6864
1.0589	-0.8113	-2.6864
Box 1
0.9826	-1.0000	-2.7647
0.9826	-0.7997	-2.7647
0.9826	-1.0000	-3.1354
0.9826	-0.7997	-3.1354
1.0502	-1.0000	-2.7647
1.0502	-0.7997	-2.7647
1.0502	-1.0000	-3.1354
1.0502	-0.7997	-3.1354
Box 2
0.6110	-1.0000	-2.3119
0.6110	-0.9386	-2.3119
0.6110	-1.0000	-3.1108
0.6110	-0.9386	-3.1108
0.7419	-1.0000	-2.3119
0.7419	-0.9386	-2.3119
0.7419	-1.0000	-3.1108
0.7419	-0.9386	-3.1108
Box 3
0.4588	-1.0000	-2.4615
0.4588	-0.8405	-2.4615
0.4588	-1.0000	-2.7553
0.4588	-0.8405	-2.7553
0.5548	-1.0000	-2.4615
0.5548	-0.8405	-2.4615
0.5548	-1.0000	-2.7553
0.5548	-0.8405	-2.7553
Box 4
0.8590	-1.0000	-2.6731
0.8590	-0.9155	-2.6731
0.8590	-1.0000	-3.0929
0.8590	-0.9155	-3.0929
0.9519	-1.0000	-2.6731
0.9519	-0.9155	-2.6731
0.9519	-1.0000	-3.0929
0.9519	-0.9155	-3.0929
Box 5
0.7694	-1.0000	-3.0741
0.7694	-0.9308	-3.0741
0.7694	-1.0000	-3.4625
0.7694	-0.9308	-3.4625
0.9163	-1.0000	-3.0741
0.9163	-0.9308	-3.0741
0.9163	-1.0000	-3.4625
0.9163	-0.9308	-3.4625
Box 6
1.0196	-1.0000	-2.1558
1.0196	-0.8770	-2.1558
1.0196	-1.0000	-2.5197
1.0196	-0.8770	-2.5197
1.1361	-1.0000	-2.1558
1.1361	-0.8770	-2.1558
1.1361	-1.0000	-2.5197
1.1361	-0.8770	-2.5197
Box 7
0.5728	-1.0000	-2.7621
0.5728	-0.9714	-2.7621
0.5728	-1.0000	-3.0498
0.5728	-0.9714	-3.0498
0.6230	-1.0000	-2.7621
0.6230	-0.9714	-2.7621
0.6230	-1.0000	-3.0498
0.6230	-0.9714	-3.0498
Box 8
1.1696	-1.0000	-2.8475
1.1696	-0.9000	-2.8475
1.1696	-1.0000	-3.4196
1.1696	-0.9000	-3.4196
1.2234	-1.0000	-2.8475
1.2234	-0.9000	-2.8475
1.2234	-1.0000	-3.4196
1.2234	-0.9000	-3.4196
REGIONS
