CAMERA HEIGHT:
1
BACKGROUND:
BOXES:
Box 0
0.6409	-1.0000	-2.4846
0.6409	-0.7706	-2.4846
0.6409	-1.0000	-2.8857
0.6409	-0.7706	-2.8857
0.8891	-1.0000	-2.4846
0.8891	-0.7706	-2.4846
0.8891	-1.0000	-2.8857
0.8891	-0.7706	-2.8857
Box 1
0.7115	-1.0000	-2.9373
0.7115	-0.9711	-2.9373
0.7115	-1.0000	-3.6959
0.7115	-0.9711	-3.6959
1.2682	-1.0000	-2.9373
1.2682	-0.9711	-2.9373
1.2682	-1.0000	-3.6959
1.2682	-0.9711	-3.6959
Box 2
0.9982	-1.0000	-3.4219
0.9982	-0.9145	-3.4219
0.9982	-1.0000	-4.0843
0.9982	-0.9145	-4.0843
1.1104	-1.0000	-3.4219
1.1104	-0.9145	-3.4219
1.1104	-1.0000	-4.0843
1.1104	-0.9145	-4.0843
Box 3
0.5390	-1.0000	-2.6690
0.5390	-0.8293	-2.6690
0.5390	-1.0000	-2.8735
0.5390	-0.8293	-2.8735
0.7794	-1.0000	-2.6690
0.7794	-0.8293	-2.6690
0.7794	-1.0000	-2.8735
0.7794	-0.8293	-2.8735
Box 4
0.6415	-1.0000	-2.8222
0.6415	-0.9353	-2.8222
0.6415	-1.0000	-3.3162
0.6415	-0.9353	-3.3162
1.0061	-1.0000	-2.8222
1.0061	-0.9353	-2.8222
1.0061	-1.0000	-3.3162
1.0061	-0.9353	-3.3162
Box 5
0.7238	-1.0000	-2.8153
0.7238	-0.6684	-2.8153
0.7238	-1.0000	-2.1178
0.7238	-0.6684	-2.1178
0.8239	-1.0000	-2.8153
0.8239	-0.6684	-2.8153
0.8239	-1.0000	-2.1178
0.8239	-0.6684	-2.1178
REGIONS
