CAMERA HEIGHT:
1
BACKGROUND:
BOXES:
Box 0
0.4867	-1.0000	-2.5926
0.4867	-0.8856	-2.5926
0.4867	-1.0000	-2.8346
0.4867	-0.8856	-2.8346
0.7964	-1.0000	-2.5926
0.7964	-0.8856	-2.5926
0.7964	-1.0000	-2.8346
0.7964	-0.8856	-2.8346
Box 1
0.7971	-1.0000	-2.4414
0.7971	-0.8888	-2.4414
0.7971	-1.0000	-2.9023
0.7971	-0.8888	-2.9023
1.1819	-1.0000	-2.4414
1.1819	-0.8888	-2.4414
1.1819	-1.0000	-2.9023
1.1819	-0.8888	-2.9023
Box 2
0.4359	-1.0000	-2.9291
0.4359	-0.7878	-2.9291
0.4359	-1.0000	-3.0938
0.4359	-0.7878	-3.0938
0.5499	-1.0000	-2.9291
0.5499	-0.7878	-2.9291
0.5499	-1.0000	-3.0938
0.5499	-0.7878	-3.0938
Box 3
0.8844	-1.0000	-2.3186
0.8844	-0.7923	-2.3186
0.8844	-1.0000	-2.7593
0.8844	-0.7923	-2.7593
0.9873	-1.0000	-2.3186
0.9873	-0.7923	-2.3186
0.9873	-1.0000	-2.7593
0.9873	-0.7923	-2.7593
Box 4
0.8750	-1.0000	-2.5916
0.8750	-0.9412	-2.5916
0.8750	-1.0000	-3.1347
0.8750	-0.9412	-3.1347
1.2006	-1.0000	-2.5916
1.2006	-0.9412	-2.5916
1.2006	-1.0000	-3.1347
1.2006	-0.9412	-3.1347
Box 5
0.9559	-1.0000	-2.8254
0.9559	-0.9136	-2.8254
0.9559	-1.0000	-3.2064
0.9559	-0.9136	-3.2064
1.0167	-1.0000	-2.8254
1.0167	-0.9136	-2.8254
1.0167	-1.0000	-3.2064
1.0167	-0.9136	-3.2064
Box 6
0.5032	-1.0000	-3.3680
0.5032	-0.9371	-3.3680
0.5032	-1.0000	-3.5565
0.5032	-0.9371	-3.5565
0.5391	-1.0000	-3.3680
0.5391	-0.9371	-3.3680
0.5391	-1.0000	-3.5565
0.5391	-0.9371	-3.5565
Box 7
1.0452	-1.0000	-3.0925
1.0452	-0.9191	-3.0925
1.0452	-1.0000	-3.4252
1.0452	-0.9191	-3.4252
1.1121	-1.0000	-3.0925
1.1121	-0.9191	-3.0925
1.1121	-1.0000	-3.4252
1.1121	-0.9191	-3.4252
Box 8
0.4098	-1.0000	-2.7504
0.4098	-0.8893	-2.7504
0.4098	-1.0000	-3.0043
0.4098	-0.8893	-3.0043
0.5146	-1.0000	-2.7504
0.5146	-0.8893	-2.7504
0.5146	-1.0000	-3.0043
0.5146	-0.8893	-3.0043
REGIONS
