CAMERA HEIGHT:
1
BACKGROUND:
BOXES:
Box 0
0.6572	-1.0000	-2.4765
0.6572	-0.9222	-2.4765
0.6572	-1.0000	-3.0541
0.6572	-0.9222	-3.0541
1.0586	-1.0000	-2.4765
1.0586	-0.9222	-2.4765
1.0586	-1.0000	-3.0541
1.0586	-0.9222	-3.0541
Box 1
0.7894	-1.0000	-2.4762
0.7894	-0.8367	-2.4762
0.7894	-1.0000	-2.9790
0.7894	-0.8367	-2.9790
0.9920	-1.0000	-2.4762
0.9920	-0.8367	-2.4762
0.9920	-1.0000	-2.9790
0.9920	-0.8367	-2.9790
Box 2
0.5031	-1.0000	-2.4019
0.5031	-0.9713	-2.4019
0.5031	-1.0000	-2.7897
0.5031	-0.9713	-2.7897
0.6362	-1.0000	-2.4019
0.6362	-0.9713	-2.4019
0.6362	-1.0000	-2.7897
0.6362	-0.9713	-2.7897
Box 3
0.8472	-1.0000	-3.7308
0.8472	-0.9081	-3.7308
0.8472	-1.0000	-4.0487
0.8472	-0.9081	-4.0487
1.0276	-1.0000	-3.7308
1.0276	-0.9081	-3.7308
1.0276	-1.0000	-4.0487
1.0276	-0.9081	-4.0487
Box 4
1.0952	-1.0000	-2.3977
1.0952	-0.8916	-2.3977
1.0952	-1.0000	-2.9457
1.0952	-0.8916	-2.9457
1.2361	-1.0000	-2.3977
1.2361	-0.8916	-2.3977
1.2361	-1.0000	-2.9457
1.2361	-0.8916	-2.9457
Box 5
0.5346	-1.0000	-2.8250
0.5346	-0.8772	-2.8250
0.5346	-1.0000	-3.0426
0.5346	-0.8772	-3.0426
0.5908	-1.0000	-2.8250
0.5908	-0.8772	-2.8250
0.5908	-1.0000	-3.0426
0.5908	-0.8772	-3.0426
Box 6
0.9025	-1.0000	-2.8278
0.9025	-0.8777	-2.8278
0.9025	-1.0000	-3.2708
0.9025	-0.8777	-3.2708
1.1321	-1.0000	-2.8278
1.1321	-0.8777	-2.8278
1.1321	-1.0000	-3.2708
1.1321	-0.8777	-3.2708
Box 7
1.1264	-1.0000	-3.2217
1.1264	-0.8620	-3.2217
1.1264	-1.0000	-3.6755
1.1264	-0.8620	-3.6755
1.2147	-1.0000	-3.2217
1.2147	-0.8620	-3.2217
1.2147	-1.0000	-3.6755
1.2147	-0.8620	-3.6755
Box 8
1.2751	-1.0000	-2.6863
1.2751	-0.9515	-2.6863
1.2751	-1.0000	-3.4686
1.2751	-0.9515	-3.4686
1.3287	-1.0000	-2.6863
1.3287	-0.9515	-2.6863
1.3287	-1.0000	-3.4686
1.3287	-0.9515	-3.4686
Box 9
0.4673	-1.0000	-2.2335
0.4673	-0.8319	-2.2335
0.4673	-1.0000	-2.5175
0.4673	-0.8319	-2.5175
0.5927	-1.0000	-2.2335
0.5927	-0.8319	-2.2335
0.5927	-1.0000	-2.5175
0.5927	-0.8319	-2.5175
REGIONS
