CAMERA HEIGHT:
1
BACKGROUND:
BOXES:
Box 0
0.8726	-1.0000	-2.2163
0.8726	-0.8072	-2.2163
0.8726	-1.0000	-2.5825
0.8726	-0.8072	-2.5825
0.9789	-1.0000	-2.2163
0.9789	-0.8072	-2.2163
0.9789	-1.0000	-2.5825
0.9789	-0.8072	-2.5825
Box 1
0.6502	-1.0000	-2.3711
0.6502	-0.7982	-2.3711
0.6502	-1.0000	-2.6632
0.6502	-0.7982	-2.6632
0.7253	-1.0000	-2.3711
0.7253	-0.7982	-2.3711
0.7253	-1.0000	-2.6632
0.7253	-0.7982	-2.6632
Box 2
0.7661	-1.0000	-2.3039
0.7661	-0.9361	-2.3039
0.7661	-1.0000	-2.7221
0.7661	-0.9361	-2.7221
1.0153	-1.0000	-2.3039
1.0153	-0.9361	-2.3039
1.0153	-1.0000	-2.7221
1.0153	-0.9361	-2.7221
Box 3
0.8630	-1.0000	-2.4619
0.8630	-0.8960	-2.4619
0.8630	-1.0000	-2.9916
0.8630	-0.8960	-2.9916
1.1116	-1.0000	-2.4619
1.1116	-0.8960	-2.4619
1.1116	-1.0000	-2.9916
1.1116	-0.8960	-2.9916
Box 4
0.9290	-1.0000	-2.4631
0.9290	-0.9579	-2.4631
0.9290	-1.0000	-2.9467
0.9290	-0.9579	-2.9467
1.0293	-1.0000	-2.4631
1.0293	-0.9579	-2.4631
1.0293	-1.0000	-2.9467
1.0293	-0.9579	-2.9467
Box 5
0.8186	-1.0000	-2.4613
0.8186	-0.9583	-2.4613
0.8186	-1.0000	-2.9042
0.8186	-0.9583	-2.9042
0.8419	-1.0000	-2.4613
0.8419	-0.9583	-2.4613
0.8419	-1.0000	-2.9042
0.8419	-0.9583	-2.9042
REGIONS
