CAMERA HEIGHT:
1
BACKGROUND:
BOXES:
Box 0
1.0242	-1.0000	-2.1534
1.0242	-0.8837	-2.1534
1.0242	-1.0000	-2.7876
1.0242	-0.8837	-2.7876
1.1204	-1.0000	-2.1534
1.1204	-0.8837	-2.1534
1.1204	-1.0000	-2.7876
1.1204	-0.8837	-2.7876
Box 1
0.9736	-1.0000	-2.5413
0.9736	-0.9586	-2.5413
0.9736	-1.0000	-3.1370
0.9736	-0.9586	-3.1370
1.1264	-1.0000	-2.5413
1.1264	-0.9586	-2.5413
1.1264	-1.0000	-3.1370
1.1264	-0.9586	-3.1370
Box 2
1.1402	-1.0000	-2.6546
1.1402	-0.8367	-2.6546
1.1402	-1.0000	-3.0949
1.1402	-0.8367	-3.0949
1.2617	-1.0000	-2.6546
1.2617	-0.8367	-2.6546
1.2617	-1.0000	-3.0949
1.2617	-0.8367	-3.0949
Box 3
0.9312	-1.0000	-2.2890
0.9312	-0.9019	-2.2890
0.9312	-1.0000	-2.7079
0.9312	-0.9019	-2.7079
1.0141	-1.0000	-2.2890
1.0141	-0.9019	-2.2890
1.0141	-1.0000	-2.7079
1.0141	-0.9019	-2.7079
Box 4
1.1694	-1.0000	-2.7820
1.1694	-0.9489	-2.7820
1.1694	-1.0000	-3.2646
1.1694	-0.9489	-3.2646
1.2312	-1.0000	-2.7820
1.2312	-0.9489	-2.7820
1.2312	-1.0000	-3.2646
1.2312	-0.9489	-3.2646
Box 5
0.5153	-1.0000	-2.2863
0.5153	-0.8217	-2.2863
0.5153	-1.0000	-2.5903
0.5153	-0.8217	-2.5903
0.5804	-1.0000	-2.2863
0.5804	-0.8217	-2.2863
0.5804	-1.0000	-2.5903
0.5804	-0.8217	-2.5903
Box 6
1.1587	-1.0000	-2.4369
1.1587	-0.9191	-2.4369
1.1587	-1.0000	-2.9565
1.1587	-0.9191	-2.9565
1.3531	-1.0000	-2.4369
1.3531	-0.9191	-2.4369
1.3531	-1.0000	-2.9565
1.3531	-0.9191	-2.9565
REGIONS
