CAMERA HEIGHT:
1
BACKGROUND:
BOXES:
Box 0
0.9336	-1.0000	-2.4843
0.9336	-0.7138	-2.4843
0.9336	-1.0000	-2.8447
0.9336	-0.7138	-2.8447
1.0576	-1.0000	-2.4843
1.0576	-0.7138	-2.4843
1.0576	-1.0000	-2.8447
1.0576	-0.7138	-2.8447
Box 1
1.0457	-1.0000	-2.7765
1.0457	-0.8550	-2.7765
1.0457	-1.0000	-3.1939
1.0457	-0.8550	-3.1939
1.1822	-1.0000	-2.7765
1.1822	-0.8550	-2.7765
1.1822	-1.0000	-3.1939
1.1822	-0.8550	-3.1939
Box 2
0.8127	-1.0000	-2.4018
0.8127	-0.8858	-2.4018
0.8127	-1.0000	-2.9030
0.8127	-0.8858	-2.9030
0.8677	-1.0000	-2.4018
0.8677	-0.8858	-2.4018
0.8677	-1.0000	-2.9030
0.8677	-0.8858	-2.9030
Box 3
0.4301	-1.0000	-2.4809
0.4301	-0.8519	-2.4809
0.4301	-1.0000	-2.7293
0.4301	-0.8519	-2.7293
0.6163	-1.0000	-2.4809
0.6163	-0.8519	-2.4809
0.6163	-1.0000	-2.7293
0.6163	-0.8519	-2.7293
Box 4
1.1343	-1.0000	-2.4814
1.1343	-0.9142	-2.4814
1.1343	-1.0000	-2.9063
1.1343	-0.9142	-2.9063
1.2375	-1.0000	-2.4814
1.2375	-0.9142	-2.4814
1.2375	-1.0000	-2.9063
1.2375	-0.9142	-2.9063
Box 5
0.7361	-1.0000	-2.7774
0.7361	-0.8868	-2.7774
0.7361	-1.0000	-3.1095
0.7361	-0.8868	-3.1095
0.8287	-1.0000	-2.7774
0.8287	-0.8868	-2.7774
0.8287	-1.0000	-3.1095
0.8287	-0.8868	-3.1095
Box 6
0.4657	-1.0000	-2.9156
0.4657	-0.9740	-2.9156
0.4657	-1.0000	-3.2171
0.4657	-0.9740	-3.2171
0.5843	-1.0000	-2.9156
0.5843	-0.9740	-2.9156
0.5843	-1.0000	-3.2171
0.5843	-0.9740	-3.2171
Box 7
0.8507	-1.0000	-2.7156
0.8507	-0.9070	-2.7156
0.8507	-1.0000	-3.1080
0.8507	-0.9070	-3.1080
0.9512	-1.0000	-2.7156
0.9512	-0.9070	-2.7156
0.9512	-1.0000	-3.1080
0.9512	-0.9070	-3.1080
REGIONS
