CAMERA HEIGHT:
1
BACKGROUND:
BOXES:
Box 0
0.6180	-1.0000	-2.4995
0.6180	-0.7206	-2.4995
0.6180	-1.0000	-2.7859
0.6180	-0.7206	-2.7859
0.7334	-1.0000	-2.4995
0.7334	-0.7206	-2.4995
0.7334	-1.0000	-2.7859
0.7334	-0.7206	-2.7859
Box 1
0.5428	-1.0000	-2.6794
0.5428	-0.7735	-2.6794
0.5428	-1.0000	-2.9334
0.5428	-0.7735	-2.9334
0.6180	-1.0000	-2.6794
0.6180	-0.7735	-2.6794
0.6180	-1.0000	-2.9334
0.6180	-0.7735	-2.9334
Box 2
0.9517	-1.0000	-3.1212
0.9517	-0.8107	-3.1212
0.9517	-1.0000	-3.4739
0.9517	-0.8107	-3.4739
1.0582	-1.0000	-3.1212
1.0582	-0.8107	-3.1212
1.0582	-1.0000	-3.4739
1.0582	-0.8107	-3.4739
Box 3
0.8094	-1.0000	-2.3946
0.8094	-0.8925	-2.3946
0.8094	-1.0000	-3.1235
0.8094	-0.8925	-3.1235
0.9178	-1.0000	-2.3946
0.9178	-0.8925	-2.3946
0.9178	-1.0000	-3.1235
0.9178	-0.8925	-3.1235
Box 4
0.9945	-1.0000	-2.9409
0.9945	-0.9421	-2.9409
0.9945	-1.0000	-3.3497
0.9945	-0.9421	-3.3497
1.0940	-1.0000	-2.9409
1.0940	-0.9421	-2.9409
1.0940	-1.0000	-3.3497
1.0940	-0.9421	-3.3497
Box 5
0.7434	-1.0000	-3.1212
0.7434	-0.9007	-3.1212
0.7434	-1.0000	-3.3457
0.7434	-0.9007	-3.3457
0.8851	-1.0000	-3.1212
0.8851	-0.9007	-3.1212
0.8851	-1.0000	-3.3457
0.8851	-0.9007	-3.3457
Box 6
0.4388	-1.0000	-2.2788
0.4388	-0.8503	-2.2788
0.4388	-1.0000	-2.5196
0.4388	-0.8503	-2.5196
0.4880	-1.0000	-2.2788
0.4880	-0.8503	-2.2788
0.4880	-1.0000	-2.5196
0.4880	-0.8503	-2.5196
REGIONS
