CAMERA HEIGHT:
1
BACKGROUND:
BOXES:
Box 0
0.6620	-1.0000	-2.8335
0.6620	-0.9104	-2.8335
0.6620	-1.0000	-3.2816
0.6620	-0.9104	-3.2816
1.2279	-1.0000	-2.8335
1.2279	-0.9104	-2.8335
1.2279	-1.0000	-3.2816
1.2279	-0.9104	-3.2816
Box 1
0.7492	-1.0000	-2.9437
0.7492	-0.9463	-2.9437
0.7492	-1.0000	-3.2545
0.7492	-0.9463	-3.2545
0.8177	-1.0000	-2.9437
0.8177	-0.9463	-2.9437
0.8177	-1.0000	-3.2545
0.8177	-0.9463	-3.2545
Box 2
0.4801	-1.0000	-2.5713
0.4801	-0.9089	-2.5713
0.4801	-1.0000	-2.8251
0.4801	-0.9089	-2.8251
0.5416	-1.0000	-2.5713
0.5416	-0.9089	-2.5713
0.5416	-1.0000	-2.8251
0.5416	-0.9089	-2.8251
Box 3
0.9732	-1.0000	-3.5162
0.9732	-0.9104	-3.5162
0.9732	-1.0000	-3.9260
0.9732	-0.9104	-3.9260
1.1385	-1.0000	-3.5162
1.1385	-0.9104	-3.5162
1.1385	-1.0000	-3.9260
1.1385	-0.9104	-3.9260
Box 4
1.0273	-1.0000	-2.6542
1.0273	-0.9010	-2.6542
1.0273	-1.0000	-3.1291
1.0273	-0.9010	-3.1291
1.0691	-1.0000	-2.6542
1.0691	-0.9010	-2.6542
1.0691	-1.0000	-3.1291
1.0691	-0.9010	-3.1291
Box 5
0.6590	-1.0000	-2.5109
0.6590	-0.8525	-2.5109
0.6590	-1.0000	-2.8669
0.6590	-0.8525	-2.8669
0.7617	-1.0000	-2.5109
0.7617	-0.8525	-2.5109
0.7617	-1.0000	-2.8669
0.7617	-0.8525	-2.8669
Box 6
0.5281	-1.0000	-2.8290
0.5281	-0.8039	-2.8290
0.5281	-1.0000	-3.0648
0.5281	-0.8039	-3.0648
0.6218	-1.0000	-2.8290
0.6218	-0.8039	-2.8290
0.6218	-1.0000	-3.0648
0.6218	-0.8039	-3.0648
Box 7
0.5864	-1.0000	-2.3933
0.5864	-0.9033	-2.3933
0.5864	-1.0000	-2.7713
0.5864	-0.9033	-2.7713
0.6623	-1.0000	-2.3933
0.6623	-0.9033	-2.3933
0.6623	-1.0000	-2.7713
0.6623	-0.9033	-2.7713
REGIONS
