CAMERA HEIGHT:
1
BACKGROUND:
BOXES:
Box 0
0.4523	-1.0000	-2.3184
0.4523	-0.9099	-2.3184
0.4523	-1.0000	-3.2170
0.4523	-0.9099	-3.2170
0.5654	-1.0000	-2.3184
0.5654	-0.9099	-2.3184
0.5654	-1.0000	-3.2170
0.5654	-0.9099	-3.2170
Box 1
0.6857	-1.0000	-2.2428
0.6857	-0.8794	-2.2428
0.6857	-1.0000	-2.6638
0.6857	-0.8794	-2.6638
0.9142	-1.0000	-2.2428
0.9142	-0.8794	-2.2428
0.9142	-1.0000	-2.6638
0.9142	-0.8794	-2.6638
Box 2
1.2611	-1.0000	-2.3176
1.2611	-0.8635	-2.3176
1.2611	-1.0000	-3.0898
1.2611	-0.8635	-3.0898
1.3827	-1.0000	-2.3176
1.3827	-0.8635	-2.3176
1.3827	-1.0000	-3.0898
1.3827	-0.8635	-3.0898
Box 3
0.4737	-1.0000	-2.5479
0.4737	-0.9484	-2.5479
0.4737	-1.0000	-3.0291
0.4737	-0.9484	-3.0291
0.5472	-1.0000	-2.5479
0.5472	-0.9484	-2.5479
0.5472	-1.0000	-3.0291
0.5472	-0.9484	-3.0291
Box 4
1.0836	-1.0000	-3.2264
1.0836	-0.9370	-3.2264
1.0836	-1.0000	-3.7401
1.0836	-0.9370	-3.7401
1.1818	-1.0000	-3.2264
1.1818	-0.9370	-3.2264
1.1818	-1.0000	-3.7401
1.1818	-0.9370	-3.7401
Box 5
0.8275	-1.0000	-3.2329
0.8275	-0.9387	-3.2329
0.8275	-1.0000	-3.6263
0.8275	-0.9387	-3.6263
0.8969	-1.0000	-3.2329
0.8969	-0.9387	-3.2329
0.8969	-1.0000	-3.6263
0.8969	-0.9387	-3.6263
Box 6
1.3433	-1.0000	-2.8720
1.3433	-0.9336	-2.8720
1.3433	-1.0000	-3.4771
1.3433	-0.9336	-3.4771
1.5152	-1.0000	-2.8720
1.5152	-0.9336	-2.8720
1.5152	-1.0000	-3.4771
1.5152	-0.9336	-3.4771
REGIONS
