CAMERA HEIGHT:
1
BACKGROUND:
BOXES:
Box 0
0.7658	-1.0000	-2.6440
0.7658	-0.5754	-2.6440
0.7658	-1.0000	-2.9138
0.7658	-0.5754	-2.9138
0.8691	-1.0000	-2.6440
0.8691	-0.5754	-2.6440
0.8691	-1.0000	-2.9138
0.8691	-0.5754	-2.9138
Box 1
0.5797	-1.0000	-2.7272
0.5797	-0.7603	-2.7272
0.5797	-1.0000	-2.9742
0.5797	-0.7603	-2.9742
0.6698	-1.0000	-2.7272
0.6698	-0.7603	-2.7272
0.6698	-1.0000	-2.9742
0.6698	-0.7603	-2.9742
Box 2
0.9645	-1.0000	-2.5716
0.9645	-0.7408	-2.5716
0.9645	-1.0000	-2.9544
0.9645	-0.7408	-2.9544
1.0777	-1.0000	-2.5716
1.0777	-0.7408	-2.5716
1.0777	-1.0000	-2.9544
1.0777	-0.7408	-2.9544
Box 3
0.5773	-1.0000	-2.5053
0.5773	-0.9001	-2.5053
0.5773	-1.0000	-2.8111
0.5773	-0.9001	-2.8111
0.6925	-1.0000	-2.5053
0.6925	-0.9001	-2.5053
0.6925	-1.0000	-2.8111
0.6925	-0.9001	-2.8111
Box 4
0.9493	-1.0000	-2.8939
0.9493	-0.8998	-2.8939
0.9493	-1.0000	-3.2551
0.9493	-0.8998	-3.2551
0.9827	-1.0000	-2.8939
0.9827	-0.8998	-2.8939
0.9827	-1.0000	-3.2551
0.9827	-0.8998	-3.2551
Box 5
1.0237	-1.0000	-2.7321
1.0237	-0.9811	-2.7321
1.0237	-1.0000	-3.3431
1.0237	-0.9811	-3.3431
1.1414	-1.0000	-2.7321
1.1414	-0.9811	-2.7321
1.1414	-1.0000	-3.3431
1.1414	-0.9811	-3.3431
REGIONS
