CAMERA HEIGHT:
1
BACKGROUND:
BOXES:
Box 0
0.7895	-1.0000	-2.4835
0.7895	-0.6201	-2.4835
0.7895	-1.0000	-2.7793
0.7895	-0.6201	-2.7793
0.8922	-1.0000	-2.4835
0.8922	-0.6201	-2.4835
0.8922	-1.0000	-2.7793
0.8922	-0.6201	-2.7793
Box 1
0.7373	-1.0000	-2.7283
0.7373	-0.9033	-2.7283
0.7373	-1.0000	-3.1248
0.7373	-0.9033	-3.1248
0.9807	-1.0000	-2.7283
0.9807	-0.9033	-2.7283
0.9807	-1.0000	-3.1248
0.9807	-0.9033	-3.1248
Box 2
0.6496	-1.0000	-2.8750
0.6496	-0.9514	-2.8750
0.6496	-1.0000	-3.2641
0.6496	-0.9514	-3.2641
0.9543	-1.0000	-2.8750
0.9543	-0.9514	-2.8750
0.9543	-1.0000	-3.2641
0.9543	-0.9514	-3.2641
Box 3
1.1197	-1.0000	-2.7283
1.1197	-0.7964	-2.7283
1.1197	-1.0000	-3.1363
1.1197	-0.7964	-3.1363
1.2027	-1.0000	-2.7283
1.2027	-0.7964	-2.7283
1.2027	-1.0000	-3.1363
1.2027	-0.7964	-3.1363
Box 4
0.8077	-1.0000	-2.2437
0.8077	-0.9046	-2.2437
0.8077	-1.0000	-2.6495
0.8077	-0.9046	-2.6495
0.9218	-1.0000	-2.2437
0.9218	-0.9046	-2.2437
0.9218	-1.0000	-2.6495
0.9218	-0.9046	-2.6495
Box 5
1.1040	-1.0000	-2.3106
1.1040	-0.9073	-2.3106
1.1040	-1.0000	-2.7286
1.1040	-0.9073	-2.7286
1.2216	-1.0000	-2.3106
1.2216	-0.9073	-2.3106
1.2216	-1.0000	-2.7286
1.2216	-0.9073	-2.7286
Box 6
0.5174	-1.0000	-2.4851
0.5174	-0.9098	-2.4851
0.5174	-1.0000	-2.8088
0.5174	-0.9098	-2.8088
0.5614	-1.0000	-2.4851
0.5614	-0.9098	-2.4851
0.5614	-1.0000	-2.8088
0.5614	-0.9098	-2.8088
Box 7
0.7872	-1.0000	-2.3753
0.7872	-0.8053	-2.3753
0.7872	-1.0000	-2.6959
0.7872	-0.8053	-2.6959
0.8544	-1.0000	-2.3753
0.8544	-0.8053	-2.3753
0.8544	-1.0000	-2.6959
0.8544	-0.8053	-2.6959
REGIONS
