CAMERA HEIGHT:
1
BACKGROUND:
BOXES:
Box 0
0.9083	-1.0000	-3.2234
0.9083	-0.6824	-3.2234
0.9083	-1.0000	-3.5750
0.9083	-0.6824	-3.5750
1.0461	-1.0000	-3.2234
1.0461	-0.6824	-3.2234
1.0461	-1.0000	-3.5750
1.0461	-0.6824	-3.5750
Box 1
0.7042	-1.0000	-2.4300
0.7042	-0.8987	-2.4300
0.7042	-1.0000	-3.3273
0.7042	-0.8987	-3.3273
1.0108	-1.0000	-2.4300
1.0108	-0.8987	-2.4300
1.0108	-1.0000	-3.3273
1.0108	-0.8987	-3.3273
Box 2
0.5214	-1.0000	-3.0711
0.5214	-0.9010	-3.0711
0.5214	-1.0000	-3.3138
0.5214	-0.9010	-3.3138
0.6191	-1.0000	-3.0711
0.6191	-0.9010	-3.0711
0.6191	-1.0000	-3.3138
0.6191	-0.9010	-3.3138
Box 3
1.0698	-1.0000	-2.8347
1.0698	-0.9245	-2.8347
1.0698	-1.0000	-4.0916
1.0698	-0.9245	-4.0916
1.1215	-1.0000	-2.8347
1.1215	-0.9245	-2.8347
1.1215	-1.0000	-4.0916
1.1215	-0.9245	-4.0916
Box 4
0.7834	-1.0000	-2.7040
0.7834	-0.7931	-2.7040
0.7834	-1.0000	-3.1517
0.7834	-0.7931	-3.1517
0.8788	-1.0000	-2.7040
0.8788	-0.7931	-2.7040
0.8788	-1.0000	-3.1517
0.8788	-0.7931	-3.1517
REGIONS
