CAMERA HEIGHT:
1
BACKGROUND:
BOXES:
Box 0
0.6789	-1.0000	-2.6734
0.6789	-0.8058	-2.6734
0.6789	-1.0000	-3.0510
0.6789	-0.8058	-3.0510
1.0356	-1.0000	-2.6734
1.0356	-0.8058	-2.6734
1.0356	-1.0000	-3.0510
1.0356	-0.8058	-3.0510
Box 1
0.7254	-1.0000	-2.5473
0.7254	-0.7677	-2.5473
0.7254	-1.0000	-2.9721
0.7254	-0.7677	-2.9721
0.8383	-1.0000	-2.5473
0.8383	-0.7677	-2.5473
0.8383	-1.0000	-2.9721
0.8383	-0.7677	-2.9721
Box 2
0.8659	-1.0000	-2.5427
0.8659	-0.8926	-2.5427
0.8659	-1.0000	-2.9842
0.8659	-0.8926	-2.9842
1.0790	-1.0000	-2.5427
1.0790	-0.8926	-2.5427
1.0790	-1.0000	-2.9842
1.0790	-0.8926	-2.9842
Box 3
0.5546	-1.0000	-2.8503
0.5546	-0.9298	-2.8503
0.5546	-1.0000	-3.2968
0.5546	-0.9298	-3.2968
1.0531	-1.0000	-2.8503
1.0531	-0.9298	-2.8503
1.0531	-1.0000	-3.2968
1.0531	-0.9298	-3.2968
Box 4
0.7517	-1.0000	-2.9677
0.7517	-0.8635	-2.9677
0.7517	-1.0000	-3.5146
0.7517	-0.8635	-3.5146
0.8733	-1.0000	-2.9677
0.8733	-0.8635	-2.9677
0.8733	-1.0000	-3.5146
0.8733	-0.8635	-3.5146
Box 5
0.9769	-1.0000	-2.9687
0.9769	-0.9677	-2.9687
0.9769	-1.0000	-3.4686
0.9769	-0.9677	-3.4686
1.2087	-1.0000	-2.9687
1.2087	-0.9677	-2.9687
1.2087	-1.0000	-3.4686
1.2087	-0.9677	-3.4686
REGIONS
