CAMERA HEIGHT:
1
BACKGROUND:
BOXES:
Box 0
0.8476	-1.0000	-2.8897
0.8476	-0.5833	-2.8897
0.8476	-1.0000	-3.1867
0.8476	-0.5833	-3.1867
0.9597	-1.0000	-2.8897
0.9597	-0.5833	-2.8897
0.9597	-1.0000	-3.1867
0.9597	-0.5833	-3.1867
Box 1
0.6797	-1.0000	-2.6455
0.6797	-0.9477	-2.6455
0.6797	-1.0000	-3.0962
0.6797	-0.9477	-3.0962
1.1137	-1.0000	-2.6455
1.1137	-0.9477	-2.6455
1.1137	-1.0000	-3.0962
1.1137	-0.9477	-3.0962
Box 2
0.8135	-1.0000	-2.3751
0.8135	-0.8226	-2.3751
0.8135	-1.0000	-2.7775
0.8135	-0.8226	-2.7775
0.9205	-1.0000	-2.3751
0.9205	-0.8226	-2.3751
0.9205	-1.0000	-2.7775
0.9205	-0.8226	-2.7775
Box 3
0.9809	-1.0000	-3.2206
0.9809	-0.9102	-3.2206
0.9809	-1.0000	-3.6716
0.9809	-0.9102	-3.6716
1.0672	-1.0000	-3.2206
1.0672	-0.9102	-3.2206
1.0672	-1.0000	-3.6716
1.0672	-0.9102	-3.6716
Box 4
1.1129	-1.0000	-2.7954
1.1129	-0.8673	-2.7954
1.1129	-1.0000	-3.2409
1.1129	-0.8673	-3.2409
1.2856	-1.0000	-2.7954
1.2856	-0.8673	-2.7954
1.2856	-1.0000	-3.2409
1.2856	-0.8673	-3.2409
Box 5
0.5465	-1.0000	-2.5854
0.5465	-0.8944	-2.5854
0.5465	-1.0000	-2.8935
0.5465	-0.8944	-2.8935
0.6307	-1.0000	-2.5854
0.6307	-0.8944	-2.5854
0.6307	-1.0000	-2.8935
0.6307	-0.8944	-2.8935
Box 6
0.6668	-1.0000	-2.7306
0.6668	-0.9465	-2.7306
0.6668	-1.0000	-3.1857
0.6668	-0.9465	-3.1857
0.9962	-1.0000	-2.7306
0.9962	-0.9465	-2.7306
0.9962	-1.0000	-3.1857
0.9962	-0.9465	-3.1857
Box 7
0.7050	-1.0000	-3.0516
0.7050	-0.9497	-3.0516
0.7050	-1.0000	-3.3588
0.7050	-0.9497	-3.3588
0.8267	-1.0000	-3.0516
0.8267	-0.9497	-3.0516
0.8267	-1.0000	-3.3588
0.8267	-0.9497	-3.3588
REGIONS
