CAMERA HEIGHT:
1
BACKGROUND:
BOXES:
Box 0
0.7344	-1.0000	-2.2822
0.7344	-0.3379	-2.2822
0.7344	-1.0000	-2.4162
0.7344	-0.3379	-2.4162
0.8511	-1.0000	-2.2822
0.8511	-0.3379	-2.2822
0.8511	-1.0000	-2.4162
0.8511	-0.3379	-2.4162
Box 1
0.8007	-1.0000	-2.3749
0.8007	-0.7297	-2.3749
0.8007	-1.0000	-3.2352
0.8007	-0.7297	-3.2352
1.0912	-1.0000	-2.3749
1.0912	-0.7297	-2.3749
1.0912	-1.0000	-3.2352
1.0912	-0.7297	-3.2352
Box 2
0.9168	-1.0000	-2.7182
0.9168	-0.4026	-2.7182
0.9168	-1.0000	-1.2938
0.9168	-0.4026	-1.2938
0.9819	-1.0000	-2.7182
0.9819	-0.4026	-2.7182
0.9819	-1.0000	-1.2938
0.9819	-0.4026	-1.2938
Box 3
0.4943	-1.0000	-2.4822
0.4943	-0.7633	-2.4822
0.4943	-1.0000	-2.7466
0.4943	-0.7633	-2.7466
0.6074	-1.0000	-2.4822
0.6074	-0.7633	-2.4822
0.6074	-1.0000	-2.7466
0.6074	-0.7633	-2.7466
Box 4
1.2736	-1.0000	-2.2873
1.2736	-0.8880	-2.2873
1.2736	-1.0000	-2.9256
1.2736	-0.8880	-2.9256
1.4144	-1.0000	-2.2873
1.4144	-0.8880	-2.2873
1.4144	-1.0000	-2.9256
1.4144	-0.8880	-2.9256
Box 5
0.4981	-1.0000	-2.3768
0.4981	-0.8733	-2.3768
0.4981	-1.0000	-2.7110
0.4981	-0.8733	-2.7110
0.6174	-1.0000	-2.3768
0.6174	-0.8733	-2.3768
0.6174	-1.0000	-2.7110
0.6174	-0.8733	-2.7110
Box 6
0.8287	-1.0000	-2.5721
0.8287	-0.7488	-2.5721
0.8287	-1.0000	-2.9002
0.8287	-0.7488	-2.9002
0.9608	-1.0000	-2.5721
0.9608	-0.7488	-2.5721
0.9608	-1.0000	-2.9002
0.9608	-0.7488	-2.9002
Box 7
1.0088	-1.0000	-3.2471
1.0088	-0.9148	-3.2471
1.0088	-1.0000	-3.8513
1.0088	-0.9148	-3.8513
1.2106	-1.0000	-3.2471
1.2106	-0.9148	-3.2471
1.2106	-1.0000	-3.8513
1.2106	-0.9148	-3.8513
Box 8
0.7248	-1.0000	-2.5735
0.7248	-0.8293	-2.5735
0.7248	-1.0000	-2.9070
0.7248	-0.8293	-2.9070
0.7988	-1.0000	-2.5735
0.7988	-0.8293	-2.5735
0.7988	-1.0000	-2.9070
0.7988	-0.8293	-2.9070
Box 9
0.4652	-1.0000	-2.7226
0.4652	-0.9364	-2.7226
0.4652	-1.0000	-3.0215
0.4652	-0.9364	-3.0215
0.5984	-1.0000	-2.7226
0.5984	-0.9364	-2.7226
0.5984	-1.0000	-3.0215
0.5984	-0.9364	-3.0215
Box 10
1.2214	-1.0000	-3.9262
1.2214	-0.5811	-3.9262
1.2214	-1.0000	-4.0835
1.2214	-0.5811	-4.0835
1.2685	-1.0000	-3.9262
1.2685	-0.5811	-3.9262
1.2685	-1.0000	-4.0835
1.2685	-0.5811	-4.0835
REGIONS
