CAMERA HEIGHT:
1
BACKGROUND:
BOXES:
Box 0
0.9110	-1.0000	-2.7591
0.9110	-0.6685	-2.7591
0.9110	-1.0000	-3.1237
0.9110	-0.6685	-3.1237
1.0346	-1.0000	-2.7591
1.0346	-0.6685	-2.7591
1.0346	-1.0000	-3.1237
1.0346	-0.6685	-3.1237
Box 1
0.4274	-1.0000	-2.4100
0.4274	-0.7804	-2.4100
0.4274	-1.0000	-2.5977
0.4274	-0.7804	-2.5977
0.5365	-1.0000	-2.4100
0.5365	-0.7804	-2.4100
0.5365	-1.0000	-2.5977
0.5365	-0.7804	-2.5977
Box 2
0.6772	-1.0000	-2.3342
0.6772	-0.7551	-2.3342
0.6772	-1.0000	-2.6179
0.6772	-0.7551	-2.6179
0.7711	-1.0000	-2.3342
0.7711	-0.7551	-2.3342
0.7711	-1.0000	-2.6179
0.7711	-0.7551	-2.6179
Box 3
1.0085	-1.0000	-2.9587
1.0085	-0.8387	-2.9587
1.0085	-1.0000	-2.7725
1.0085	-0.8387	-2.7725
1.1087	-1.0000	-2.9587
1.1087	-0.8387	-2.9587
1.1087	-1.0000	-2.7725
1.1087	-0.8387	-2.7725
Box 4
0.8817	-1.0000	-3.2957
0.8817	-0.8856	-3.2957
0.8817	-1.0000	-3.6433
0.8817	-0.8856	-3.6433
0.9877	-1.0000	-3.2957
0.9877	-0.8856	-3.2957
0.9877	-1.0000	-3.6433
0.9877	-0.8856	-3.6433
Box 5
0.7264	-1.0000	-2.5049
0.7264	-0.9555	-2.5049
0.7264	-1.0000	-2.9358
0.7264	-0.9555	-2.9358
0.9061	-1.0000	-2.5049
0.9061	-0.9555	-2.5049
0.9061	-1.0000	-2.9358
0.9061	-0.9555	-2.9358
Box 6
1.2328	-1.0000	-3.7358
1.2328	-0.8697	-3.7358
1.2328	-1.0000	-3.5385
1.2328	-0.8697	-3.5385
1.3425	-1.0000	-3.7358
1.3425	-0.8697	-3.7358
1.3425	-1.0000	-3.5385
1.3425	-0.8697	-3.5385
Box 7
0.5475	-1.0000	-3.0881
0.5475	-0.9713	-3.0881
0.5475	-1.0000	-3.4151
0.5475	-0.9713	-3.4151
0.8563	-1.0000	-3.0881
0.8563	-0.9713	-3.0881
0.8563	-1.0000	-3.4151
0.8563	-0.9713	-3.4151
Box 8
0.5366	-1.0000	-2.7603
0.5366	-0.8666	-2.7603
0.5366	-1.0000	-3.1032
0.5366	-0.8666	-3.1032
0.6408	-1.0000	-2.7603
0.6408	-0.8666	-2.7603
0.6408	-1.0000	-3.1032
0.6408	-0.8666	-3.1032
Box 9
1.0949	-1.0000	-2.4092
1.0949	-0.8732	-2.4092
1.0949	-1.0000	-2.9848
1.0949	-0.8732	-2.9848
1.2069	-1.0000	-2.4092
1.2069	-0.8732	-2.4092
1.2069	-1.0000	-2.9848
1.2069	-0.8732	-2.9848
Box 10
1.1606	-1.0000	-3.0924
1.1606	-0.8739	-3.0924
1.1606	-1.0000	-3.6837
1.1606	-0.8739	-3.6837
1.1858	-1.0000	-3.0924
1.1858	-0.8739	-3.0924
1.1858	-1.0000	-3.6837
1.1858	-0.8739	-3.6837
Box 11
1.1478	-1.0000	-2.7623
1.1478	-0.8686	-2.7623
1.1478	-1.0000	-3.2516
1.1478	-0.8686	-3.2516
1.2547	-1.0000	-2.7623
1.2547	-0.8686	-2.7623
1.2547	-1.0000	-3.2516
1.2547	-0.8686	-3.2516
Box 12
0.9914	-1.0000	-4.1295
0.9914	-0.9036	-4.1295
0.9914	-1.0000	-4.4680
0.9914	-0.9036	-4.4680
1.1428	-1.0000	-4.1295
1.1428	-0.9036	-4.1295
1.1428	-1.0000	-4.4680
1.1428	-0.9036	-4.4680
Box 13
0.7601	-1.0000	-2.6217
0.7601	-0.9509	-2.6217
0.7601	-1.0000	-3.2514
0.7601	-0.9509	-3.2514
0.8141	-1.0000	-2.6217
0.8141	-0.9509	-2.6217
0.8141	-1.0000	-3.2514
0.8141	-0.9509	-3.2514
Box 14
0.9195	-1.0000	-2.9645
0.9195	-0.9580	-2.9645
0.9195	-1.0000	-3.5284
0.9195	-0.9580	-3.5284
0.9520	-1.0000	-2.9645
0.9520	-0.9580	-2.9645
0.9520	-1.0000	-3.5284
0.9520	-0.9580	-3.5284
REGIONS
