CAMERA HEIGHT:
1
BACKGROUND:
BOXES:
Box 0
0.4982	-1.0000	-2.5154
0.4982	-0.8337	-2.5154
0.4982	-1.0000	-2.8036
0.4982	-0.8337	-2.8036
0.7002	-1.0000	-2.5154
0.7002	-0.8337	-2.5154
0.7002	-1.0000	-2.8036
0.7002	-0.8337	-2.8036
Box 1
0.5644	-1.0000	-2.3700
0.5644	-0.9149	-2.3700
0.5644	-1.0000	-2.7741
0.5644	-0.9149	-2.7741
0.7656	-1.0000	-2.3700
0.7656	-0.9149	-2.3700
0.7656	-1.0000	-2.7741
0.7656	-0.9149	-2.7741
Box 2
0.5975	-1.0000	-3.0169
0.5975	-0.7935	-3.0169
0.5975	-1.0000	-3.2526
0.5975	-0.7935	-3.2526
0.6909	-1.0000	-3.0169
0.6909	-0.7935	-3.0169
0.6909	-1.0000	-3.2526
0.6909	-0.7935	-3.2526
Box 3
0.9454	-1.0000	-2.7085
0.9454	-0.9773	-2.7085
0.9454	-1.0000	-3.2196
0.9454	-0.9773	-3.2196
1.2284	-1.0000	-2.7085
1.2284	-0.9773	-2.7085
1.2284	-1.0000	-3.2196
1.2284	-0.9773	-3.2196
Box 4
1.0100	-1.0000	-2.2841
1.0100	-0.8804	-2.2841
1.0100	-1.0000	-2.7430
1.0100	-0.8804	-2.7430
1.1098	-1.0000	-2.2841
1.1098	-0.8804	-2.2841
1.1098	-1.0000	-2.7430
1.1098	-0.8804	-2.7430
Box 5
1.2006	-1.0000	-3.0104
1.2006	-0.9150	-3.0104
1.2006	-1.0000	-3.4021
1.2006	-0.9150	-3.4021
1.3336	-1.0000	-3.0104
1.3336	-0.9150	-3.0104
1.3336	-1.0000	-3.4021
1.3336	-0.9150	-3.4021
Box 6
0.6176	-1.0000	-2.5906
0.6176	-0.8586	-2.5906
0.6176	-1.0000	-3.1442
0.6176	-0.8586	-3.1442
0.6545	-1.0000	-2.5906
0.6545	-0.8586	-2.5906
0.6545	-1.0000	-3.1442
0.6545	-0.8586	-3.1442
Box 7
0.4749	-1.0000	-3.0176
0.4749	-0.9177	-3.0176
0.4749	-1.0000	-3.3108
0.4749	-0.9177	-3.3108
0.5713	-1.0000	-3.0176
0.5713	-0.9177	-3.0176
0.5713	-1.0000	-3.3108
0.5713	-0.9177	-3.3108
Box 8
0.9395	-1.0000	-2.5951
0.9395	-0.8966	-2.5951
0.9395	-1.0000	-2.9063
0.9395	-0.8966	-2.9063
1.0326	-1.0000	-2.5951
1.0326	-0.8966	-2.5951
1.0326	-1.0000	-2.9063
1.0326	-0.8966	-2.9063
Box 9
1.0494	-1.0000	-2.8945
1.0494	-0.9608	-2.8945
1.0494	-1.0000	-3.3312
1.0494	-0.9608	-3.3312
1.1197	-1.0000	-2.8945
1.1197	-0.9608	-2.8945
1.1197	-1.0000	-3.3312
1.1197	-0.9608	-3.3312
Box 10
0.4918	-1.0000	-2.5944
0.4918	-0.8603	-2.5944
0.4918	-1.0000	-2.9642
0.4918	-0.8603	-2.9642
0.5574	-1.0000	-2.5944
0.5574	-0.8603	-2.5944
0.5574	-1.0000	-2.9642
0.5574	-0.8603	-2.9642
REGIONS
