CAMERA HEIGHT:
1
BACKGROUND:
BOXES:
Box 0
0.8779	-1.0000	-2.4545
0.8779	-0.9232	-2.4545
0.8779	-1.0000	-2.9145
0.8779	-0.9232	-2.9145
1.2034	-1.0000	-2.4545
1.2034	-0.9232	-2.4545
1.2034	-1.0000	-2.9145
1.2034	-0.9232	-2.9145
Box 1
0.9856	-1.0000	-2.3921
0.9856	-0.8038	-2.3921
0.9856	-1.0000	-2.8227
0.9856	-0.8038	-2.8227
1.1045	-1.0000	-2.3921
1.1045	-0.8038	-2.3921
1.1045	-1.0000	-2.8227
1.1045	-0.8038	-2.8227
Box 2
1.0665	-1.0000	-2.8523
1.0665	-0.8038	-2.8523
1.0665	-1.0000	-3.1699
1.0665	-0.8038	-3.1699
1.1746	-1.0000	-2.8523
1.1746	-0.8038	-2.8523
1.1746	-1.0000	-3.1699
1.1746	-0.8038	-3.1699
Box 3
0.7211	-1.0000	-2.4547
0.7211	-0.9009	-2.4547
0.7211	-1.0000	-2.9309
0.7211	-0.9009	-2.9309
0.8328	-1.0000	-2.4547
0.8328	-0.9009	-2.4547
0.8328	-1.0000	-2.9309
0.8328	-0.9009	-2.9309
Box 4
0.5518	-1.0000	-2.5436
0.5518	-0.8932	-2.5436
0.5518	-1.0000	-2.8571
0.5518	-0.8932	-2.8571
0.6498	-1.0000	-2.5436
0.6498	-0.8932	-2.5436
0.6498	-1.0000	-2.8571
0.6498	-0.8932	-2.8571
Box 5
0.7829	-1.0000	-2.9817
0.7829	-0.8842	-2.9817
0.7829	-1.0000	-3.3584
0.7829	-0.8842	-3.3584
0.8759	-1.0000	-2.9817
0.8759	-0.8842	-2.9817
0.8759	-1.0000	-3.3584
0.8759	-0.8842	-3.3584
Box 6
1.0959	-1.0000	-2.6581
1.0959	-0.8596	-2.6581
1.0959	-1.0000	-3.2246
1.0959	-0.8596	-3.2246
1.1320	-1.0000	-2.6581
1.1320	-0.8596	-2.6581
1.1320	-1.0000	-3.2246
1.1320	-0.8596	-3.2246
Box 7
0.4816	-1.0000	-3.0993
0.4816	-0.8757	-3.0993
0.4816	-1.0000	-3.2290
0.4816	-0.8757	-3.2290
0.5698	-1.0000	-3.0993
0.5698	-0.8757	-3.0993
0.5698	-1.0000	-3.2290
0.5698	-0.8757	-3.2290
Box 8
0.9837	-1.0000	-2.9798
0.9837	-0.9238	-2.9798
0.9837	-1.0000	-3.4099
0.9837	-0.9238	-3.4099
1.0436	-1.0000	-2.9798
1.0436	-0.9238	-2.9798
1.0436	-1.0000	-3.4099
1.0436	-0.9238	-3.4099
Box 9
0.5947	-1.0000	-2.9819
0.5947	-0.9238	-2.9819
0.5947	-1.0000	-3.2722
0.5947	-0.9238	-3.2722
0.6478	-1.0000	-2.9819
0.6478	-0.9238	-2.9819
0.6478	-1.0000	-3.2722
0.6478	-0.9238	-3.2722
Box 10
0.9755	-1.0000	-2.7221
0.9755	-0.9552	-2.7221
0.9755	-1.0000	-3.1695
0.9755	-0.9552	-3.1695
1.0505	-1.0000	-2.7221
1.0505	-0.9552	-2.7221
1.0505	-1.0000	-3.1695
1.0505	-0.9552	-3.1695
REGIONS
