CAMERA HEIGHT:
1
BACKGROUND:
BOXES:
Box 0
0.8023	-1.0000	-2.5628
0.8023	-0.9389	-2.5628
0.8023	-1.0000	-3.0860
0.8023	-0.9389	-3.0860
1.3059	-1.0000	-2.5628
1.3059	-0.9389	-2.5628
1.3059	-1.0000	-3.0860
1.3059	-0.9389	-3.0860
Box 1
1.0177	-1.0000	-2.6680
1.0177	-0.9357	-2.6680
1.0177	-1.0000	-3.1578
1.0177	-0.9357	-3.1578
1.3540	-1.0000	-2.6680
1.3540	-0.9357	-2.6680
1.3540	-1.0000	-3.1578
1.3540	-0.9357	-3.1578
Box 2
0.9984	-1.0000	-2.2507
0.9984	-0.7632	-2.2507
0.9984	-1.0000	-2.6631
0.9984	-0.7632	-2.6631
1.1109	-1.0000	-2.2507
1.1109	-0.7632	-2.2507
1.1109	-1.0000	-2.6631
1.1109	-0.7632	-2.6631
Box 3
0.5018	-1.0000	-2.5652
0.5018	-0.8081	-2.5652
0.5018	-1.0000	-2.8738
0.5018	-0.8081	-2.8738
0.6960	-1.0000	-2.5652
0.6960	-0.8081	-2.5652
0.6960	-1.0000	-2.8738
0.6960	-0.8081	-2.8738
Box 4
0.7273	-1.0000	-3.0673
0.7273	-0.9664	-3.0673
0.7273	-1.0000	-3.4673
0.7273	-0.9664	-3.4673
0.9630	-1.0000	-3.0673
0.9630	-0.9664	-3.0673
0.9630	-1.0000	-3.4673
0.9630	-0.9664	-3.4673
Box 5
0.9674	-1.0000	-2.4648
0.9674	-0.8031	-2.4648
0.9674	-1.0000	-2.8485
0.9674	-0.8031	-2.8485
1.0272	-1.0000	-2.4648
1.0272	-0.8031	-2.4648
1.0272	-1.0000	-2.8485
1.0272	-0.8031	-2.8485
Box 6
0.5264	-1.0000	-2.4614
0.5264	-0.8628	-2.4614
0.5264	-1.0000	-2.7438
0.5264	-0.8628	-2.7438
0.6249	-1.0000	-2.4614
0.6249	-0.8628	-2.4614
0.6249	-1.0000	-2.7438
0.6249	-0.8628	-2.7438
Box 7
0.7992	-1.0000	-2.7307
0.7992	-0.9244	-2.7307
0.7992	-1.0000	-3.1265
0.7992	-0.9244	-3.1265
0.9782	-1.0000	-2.7307
0.9782	-0.9244	-2.7307
0.9782	-1.0000	-3.1265
0.9782	-0.9244	-3.1265
Box 8
0.6080	-1.0000	-2.8527
0.6080	-0.9659	-2.8527
0.6080	-1.0000	-3.2397
0.6080	-0.9659	-3.2397
0.9648	-1.0000	-2.8527
0.9648	-0.9659	-2.8527
0.9648	-1.0000	-3.2397
0.9648	-0.9659	-3.2397
Box 9
0.5717	-1.0000	-2.2497
0.5717	-0.9134	-2.2497
0.5717	-1.0000	-2.6879
0.5717	-0.9134	-2.6879
0.6104	-1.0000	-2.2497
0.6104	-0.9134	-2.2497
0.6104	-1.0000	-2.6879
0.6104	-0.9134	-2.6879
REGIONS
