CAMERA HEIGHT:
1
BACKGROUND:
BOXES:
Box 0
0.8738	-1.0000	-2.3660
0.8738	-0.8050	-2.3660
0.8738	-1.0000	-2.9688
0.8738	-0.8050	-2.9688
0.9850	-1.0000	-2.3660
0.9850	-0.8050	-2.3660
0.9850	-1.0000	-2.9688
0.9850	-0.8050	-2.9688
Box 1
0.5655	-1.0000	-2.6253
0.5655	-0.9111	-2.6253
0.5655	-1.0000	-2.9277
0.5655	-0.9111	-2.9277
0.8000	-1.0000	-2.6253
0.8000	-0.9111	-2.6253
0.8000	-1.0000	-2.9277
0.8000	-0.9111	-2.9277
Box 2
0.8557	-1.0000	-2.6241
0.8557	-0.7032	-2.6241
0.8557	-1.0000	-2.0944
0.8557	-0.7032	-2.0944
1.0726	-1.0000	-2.6241
1.0726	-0.7032	-2.6241
1.0726	-1.0000	-2.0944
1.0726	-0.7032	-2.0944
Box 3
0.8775	-1.0000	-2.4257
0.8775	-0.7889	-2.4257
0.8775	-1.0000	-2.8200
0.8775	-0.7889	-2.8200
0.9562	-1.0000	-2.4257
0.9562	-0.7889	-2.4257
0.9562	-1.0000	-2.8200
0.9562	-0.7889	-2.8200
Box 4
0.9931	-1.0000	-2.6858
0.9931	-0.8728	-2.6858
0.9931	-1.0000	-3.1402
0.9931	-0.8728	-3.1402
1.0964	-1.0000	-2.6858
1.0964	-0.8728	-2.6858
1.0964	-1.0000	-3.1402
1.0964	-0.8728	-3.1402
Box 5
0.6085	-1.0000	-2.3672
0.6085	-0.8033	-2.3672
0.6085	-1.0000	-2.6693
0.6085	-0.8033	-2.6693
0.6724	-1.0000	-2.3672
0.6724	-0.8033	-2.3672
0.6724	-1.0000	-2.6693
0.6724	-0.8033	-2.6693
Box 6
0.8200	-1.0000	-3.0732
0.8200	-0.9513	-3.0732
0.8200	-1.0000	-3.5204
0.8200	-0.9513	-3.5204
1.2103	-1.0000	-3.0732
1.2103	-0.9513	-3.0732
1.2103	-1.0000	-3.5204
1.2103	-0.9513	-3.5204
Box 7
1.0204	-1.0000	-2.8170
1.0204	-0.8732	-2.8170
1.0204	-1.0000	-3.3098
1.0204	-0.8732	-3.3098
1.3404	-1.0000	-2.8170
1.3404	-0.8732	-2.8170
1.3404	-1.0000	-3.3098
1.3404	-0.8732	-3.3098
Box 8
0.9094	-1.0000	-2.8798
0.9094	-0.7724	-2.8798
0.9094	-1.0000	-3.1372
0.9094	-0.7724	-3.1372
0.9980	-1.0000	-2.8798
0.9980	-0.7724	-2.8798
0.9980	-1.0000	-3.1372
0.9980	-0.7724	-3.1372
Box 9
0.7637	-1.0000	-2.6850
0.7637	-0.9321	-2.6850
0.7637	-1.0000	-3.1260
0.7637	-0.9321	-3.1260
0.8770	-1.0000	-2.6850
0.8770	-0.9321	-2.6850
0.8770	-1.0000	-3.1260
0.8770	-0.9321	-3.1260
REGIONS
