CAMERA HEIGHT:
1
BACKGROUND:
BOXES:
Box 0
1.0057	-1.0000	-2.6529
1.0057	-0.6730	-2.6529
1.0057	-1.0000	-3.1330
1.0057	-0.6730	-3.1330
1.1958	-1.0000	-2.6529
1.1958	-0.6730	-2.6529
1.1958	-1.0000	-3.1330
1.1958	-0.6730	-3.1330
Box 1
0.4932	-1.0000	-2.9377
0.4932	-0.7455	-2.9377
0.4932	-1.0000	-3.1784
0.4932	-0.7455	-3.1784
0.5886	-1.0000	-2.9377
0.5886	-0.7455	-2.9377
0.5886	-1.0000	-3.1784
0.5886	-0.7455	-3.1784
Box 2
0.5746	-1.0000	-2.4508
0.5746	-0.8820	-2.4508
0.5746	-1.0000	-2.8775
0.5746	-0.8820	-2.8775
0.6995	-1.0000	-2.4508
0.6995	-0.8820	-2.4508
0.6995	-1.0000	-2.8775
0.6995	-0.8820	-2.8775
Box 3
1.2712	-1.0000	-3.4351
1.2712	-0.9008	-3.4351
1.2712	-1.0000	-4.0193
1.2712	-0.9008	-4.0193
1.6754	-1.0000	-3.4351
1.6754	-0.9008	-3.4351
1.6754	-1.0000	-4.0193
1.6754	-0.9008	-4.0193
Box 4
1.0948	-1.0000	-2.7834
1.0948	-0.9039	-2.7834
1.0948	-1.0000	-3.3631
1.0948	-0.9039	-3.3631
1.2555	-1.0000	-2.7834
1.2555	-0.9039	-2.7834
1.2555	-1.0000	-3.3631
1.2555	-0.9039	-3.3631
Box 5
1.3239	-1.0000	-3.0827
1.3239	-0.9339	-3.0827
1.3239	-1.0000	-3.6302
1.3239	-0.9339	-3.6302
1.3920	-1.0000	-3.0827
1.3920	-0.9339	-3.0827
1.3920	-1.0000	-3.6302
1.3920	-0.9339	-3.6302
Box 6
0.6741	-1.0000	-3.0819
0.6741	-0.9351	-3.0819
0.6741	-1.0000	-3.3626
0.6741	-0.9351	-3.3626
0.7225	-1.0000	-3.0819
0.7225	-0.9351	-3.0819
0.7225	-1.0000	-3.3626
0.7225	-0.9351	-3.3626
Box 7
0.8702	-1.0000	-2.3578
0.8702	-0.7136	-2.3578
0.8702	-1.0000	-2.6867
0.8702	-0.7136	-2.6867
0.8932	-1.0000	-2.3578
0.8932	-0.7136	-2.3578
0.8932	-1.0000	-2.6867
0.8932	-0.7136	-2.6867
REGIONS
