CAMERA HEIGHT:
1
BACKGROUND:
BOXES:
Box 0
1.2000	-1.0000	-3.1346
1.2000	-0.7706	-3.1346
1.2000	-1.0000	-3.5874
1.2000	-0.7706	-3.5874
1.3270	-1.0000	-3.1346
1.3270	-0.7706	-3.1346
1.3270	-1.0000	-3.5874
1.3270	-0.7706	-3.5874
Box 1
0.5062	-1.0000	-2.4257
0.5062	-0.8988	-2.4257
0.5062	-1.0000	-2.6697
0.5062	-0.8988	-2.6697
0.6107	-1.0000	-2.4257
0.6107	-0.8988	-2.4257
0.6107	-1.0000	-2.6697
0.6107	-0.8988	-2.6697
Box 2
0.8563	-1.0000	-2.7529
0.8563	-0.9083	-2.7529
0.8563	-1.0000	-3.3620
0.8563	-0.9083	-3.3620
1.1958	-1.0000	-2.7529
1.1958	-0.9083	-2.7529
1.1958	-1.0000	-3.3620
1.1958	-0.9083	-3.3620
Box 3
0.6846	-1.0000	-2.9103
0.6846	-0.8369	-2.9103
0.6846	-1.0000	-3.1945
0.6846	-0.8369	-3.1945
0.8128	-1.0000	-2.9103
0.8128	-0.8369	-2.9103
0.8128	-1.0000	-3.1945
0.8128	-0.8369	-3.1945
Box 4
0.5202	-1.0000	-2.8535
0.5202	-0.7002	-2.8535
0.5202	-1.0000	-3.0749
0.5202	-0.7002	-3.0749
0.5947	-1.0000	-2.8535
0.5947	-0.7002	-2.8535
0.5947	-1.0000	-3.0749
0.5947	-0.7002	-3.0749
Box 5
0.5099	-1.0000	-3.0291
0.5099	-0.8508	-3.0291
0.5099	-1.0000	-3.3310
0.5099	-0.8508	-3.3310
0.6328	-1.0000	-3.0291
0.6328	-0.8508	-3.0291
0.6328	-1.0000	-3.3310
0.6328	-0.8508	-3.3310
Box 6
1.0895	-1.0000	-2.8508
1.0895	-0.8002	-2.8508
1.0895	-1.0000	-2.5711
1.0895	-0.8002	-2.5711
1.1774	-1.0000	-2.8508
1.1774	-0.8002	-2.8508
1.1774	-1.0000	-2.5711
1.1774	-0.8002	-2.5711
Box 7
0.9552	-1.0000	-2.4289
0.9552	-0.6982	-2.4289
0.9552	-1.0000	-2.7201
0.9552	-0.6982	-2.7201
1.0255	-1.0000	-2.4289
1.0255	-0.6982	-2.4289
1.0255	-1.0000	-2.7201
1.0255	-0.6982	-2.7201
Box 8
0.7328	-1.0000	-2.6289
0.7328	-0.8668	-2.6289
0.7328	-1.0000	-2.9503
0.7328	-0.8668	-2.9503
0.8162	-1.0000	-2.6289
0.8162	-0.8668	-2.6289
0.8162	-1.0000	-2.9503
0.8162	-0.8668	-2.9503
Box 9
1.0844	-1.0000	-2.7549
1.0844	-0.9089	-2.7549
1.0844	-1.0000	-3.3326
1.0844	-0.9089	-3.3326
1.1646	-1.0000	-2.7549
1.1646	-0.9089	-2.7549
1.1646	-1.0000	-3.3326
1.1646	-0.9089	-3.3326
Box 10
0.9426	-1.0000	-2.5171
0.9426	-0.8633	-2.5171
0.9426	-1.0000	-2.9904
0.9426	-0.8633	-2.9904
0.9635	-1.0000	-2.5171
0.9635	-0.8633	-2.5171
0.9635	-1.0000	-2.9904
0.9635	-0.8633	-2.9904
Box 11
0.9775	-1.0000	-3.1420
0.9775	-0.9453	-3.1420
0.9775	-1.0000	-3.5637
0.9775	-0.9453	-3.5637
1.0396	-1.0000	-3.1420
1.0396	-0.9453	-3.1420
1.0396	-1.0000	-3.5637
1.0396	-0.9453	-3.5637
Box 12
0.3780	-1.0000	-1.9636
0.3780	-0.8438	-1.9636
0.3780	-1.0000	-2.2789
0.3780	-0.8438	-2.2789
0.4093	-1.0000	-1.9636
0.4093	-0.8438	-1.9636
0.4093	-1.0000	-2.2789
0.4093	-0.8438	-2.2789
REGIONS
