CAMERA HEIGHT:
1
BACKGROUND:
BOXES:
Box 0
0.5432	-1.0000	-2.3551
0.5432	-0.7257	-2.3551
0.5432	-1.0000	-2.6218
0.5432	-0.7257	-2.6218
0.6423	-1.0000	-2.3551
0.6423	-0.7257	-2.3551
0.6423	-1.0000	-2.6218
0.6423	-0.7257	-2.6218
Box 1
0.6061	-1.0000	-2.6235
0.6061	-0.8440	-2.6235
0.6061	-1.0000	-3.0987
0.6061	-0.8440	-3.0987
0.8704	-1.0000	-2.6235
0.8704	-0.8440	-2.6235
0.8704	-1.0000	-3.0987
0.8704	-0.8440	-3.0987
Box 2
0.9665	-1.0000	-2.3565
0.9665	-0.9184	-2.3565
0.9665	-1.0000	-2.7878
0.9665	-0.9184	-2.7878
1.0997	-1.0000	-2.3565
1.0997	-0.9184	-2.3565
1.0997	-1.0000	-2.7878
1.0997	-0.9184	-2.7878
Box 3
0.7168	-1.0000	-2.3590
0.7168	-0.9209	-2.3590
0.7168	-1.0000	-2.8949
0.7168	-0.9209	-2.8949
0.8216	-1.0000	-2.3590
0.8216	-0.9209	-2.3590
0.8216	-1.0000	-2.8949
0.8216	-0.9209	-2.8949
Box 4
1.1449	-1.0000	-2.5629
1.1449	-0.8939	-2.5629
1.1449	-1.0000	-3.0997
1.1449	-0.8939	-3.0997
1.2743	-1.0000	-2.5629
1.2743	-0.8939	-2.5629
1.2743	-1.0000	-3.0997
1.2743	-0.8939	-3.0997
Box 5
0.9522	-1.0000	-2.6228
0.9522	-0.8746	-2.6228
0.9522	-1.0000	-3.6596
0.9522	-0.8746	-3.6596
1.0523	-1.0000	-2.6228
1.0523	-0.8746	-2.6228
1.0523	-1.0000	-3.6596
1.0523	-0.8746	-3.6596
Box 6
1.0782	-1.0000	-3.1033
1.0782	-0.9128	-3.1033
1.0782	-1.0000	-3.6259
1.0782	-0.9128	-3.6259
1.1770	-1.0000	-3.1033
1.1770	-0.9128	-3.1033
1.1770	-1.0000	-3.6259
1.1770	-0.9128	-3.6259
Box 7
0.3713	-1.0000	-1.8554
0.3713	-0.8290	-1.8554
0.3713	-1.0000	-2.4658
0.3713	-0.8290	-2.4658
0.3892	-1.0000	-1.8554
0.3892	-0.8290	-1.8554
0.3892	-1.0000	-2.4658
0.3892	-0.8290	-2.4658
REGIONS
