CAMERA HEIGHT:
1
BACKGROUND:
BOXES:
Box 0
0.7773	-1.0000	-2.4085
0.7773	-0.8512	-2.4085
0.7773	-1.0000	-2.8248
0.7773	-0.8512	-2.8248
0.9396	-1.0000	-2.4085
0.9396	-0.8512	-2.4085
0.9396	-1.0000	-2.8248
0.9396	-0.8512	-2.8248
Box 1
0.6356	-1.0000	-2.6167
0.6356	-0.8507	-2.6167
0.6356	-1.0000	-3.0561
0.6356	-0.8507	-3.0561
0.7701	-1.0000	-2.6167
0.7701	-0.8507	-2.6167
0.7701	-1.0000	-3.0561
0.7701	-0.8507	-3.0561
Box 2
0.4971	-1.0000	-2.4094
0.4971	-0.7612	-2.4094
0.4971	-1.0000	-2.6962
0.4971	-0.7612	-2.6962
0.5464	-1.0000	-2.4094
0.5464	-0.7612	-2.4094
0.5464	-1.0000	-2.6962
0.5464	-0.7612	-2.6962
Box 3
0.7226	-1.0000	-2.2391
0.7226	-0.8757	-2.2391
0.7226	-1.0000	-2.5576
0.7226	-0.8757	-2.5576
0.8218	-1.0000	-2.2391
0.8218	-0.8757	-2.2391
0.8218	-1.0000	-2.5576
0.8218	-0.8757	-2.5576
Box 4
0.5517	-1.0000	-2.7710
0.5517	-0.8317	-2.7710
0.5517	-1.0000	-3.0225
0.5517	-0.8317	-3.0225
0.8637	-1.0000	-2.7710
0.8637	-0.8317	-2.7710
0.8637	-1.0000	-3.0225
0.8637	-0.8317	-3.0225
Box 5
0.5640	-1.0000	-2.6179
0.5640	-0.8517	-2.6179
0.5640	-1.0000	-2.8715
0.5640	-0.8517	-2.8715
0.5947	-1.0000	-2.6179
0.5947	-0.8517	-2.6179
0.5947	-1.0000	-2.8715
0.5947	-0.8517	-2.8715
Box 6
0.8894	-1.0000	-2.6177
0.8894	-0.8497	-2.6177
0.8894	-1.0000	-2.9689
0.8894	-0.8497	-2.9689
0.9609	-1.0000	-2.6177
0.9609	-0.8497	-2.6177
0.9609	-1.0000	-2.9689
0.9609	-0.8497	-2.9689
Box 7
1.0833	-1.0000	-2.4679
1.0833	-0.8914	-2.4679
1.0833	-1.0000	-2.8823
1.0833	-0.8914	-2.8823
1.1755	-1.0000	-2.4679
1.1755	-0.8914	-2.4679
1.1755	-1.0000	-2.8823
1.1755	-0.8914	-2.8823
Box 8
0.4625	-1.0000	-2.2390
0.4625	-0.8553	-2.2390
0.4625	-1.0000	-2.5389
0.4625	-0.8553	-2.5389
0.5065	-1.0000	-2.2390
0.5065	-0.8553	-2.2390
0.5065	-1.0000	-2.5389
0.5065	-0.8553	-2.5389
REGIONS
