CAMERA HEIGHT:
1
BACKGROUND:
BOXES:
Box 0
0.4876	-1.0000	-2.2837
0.4876	-0.9334	-2.2837
0.4876	-1.0000	-2.6421
0.4876	-0.9334	-2.6421
0.7285	-1.0000	-2.2837
0.7285	-0.9334	-2.2837
0.7285	-1.0000	-2.6421
0.7285	-0.9334	-2.6421
Box 1
0.8418	-1.0000	-2.5608
0.8418	-0.7883	-2.5608
0.8418	-1.0000	-2.2550
0.8418	-0.7883	-2.2550
0.9122	-1.0000	-2.5608
0.9122	-0.7883	-2.5608
0.9122	-1.0000	-2.2550
0.9122	-0.7883	-2.2550
Box 2
0.8190	-1.0000	-2.0947
0.8190	-0.8972	-2.0947
0.8190	-1.0000	-2.5126
0.8190	-0.8972	-2.5126
1.0134	-1.0000	-2.0947
1.0134	-0.8972	-2.0947
1.0134	-1.0000	-2.5126
1.0134	-0.8972	-2.5126
Box 3
0.5975	-1.0000	-2.3974
0.5975	-0.8175	-2.3974
0.5975	-1.0000	-2.6831
0.5975	-0.8175	-2.6831
0.6901	-1.0000	-2.3974
0.6901	-0.8175	-2.3974
0.6901	-1.0000	-2.6831
0.6901	-0.8175	-2.6831
Box 4
0.5170	-1.0000	-2.8213
0.5170	-0.8678	-2.8213
0.5170	-1.0000	-3.0772
0.5170	-0.8678	-3.0772
0.6224	-1.0000	-2.8213
0.6224	-0.8678	-2.8213
0.6224	-1.0000	-3.0772
0.6224	-0.8678	-3.0772
Box 5
0.5750	-1.0000	-2.6972
0.5750	-0.9563	-2.6972
0.5750	-1.0000	-3.0432
0.5750	-0.9563	-3.0432
0.7441	-1.0000	-2.6972
0.7441	-0.9563	-2.6972
0.7441	-1.0000	-3.0432
0.7441	-0.9563	-3.0432
Box 6
0.4784	-1.0000	-2.1646
0.4784	-0.8464	-2.1646
0.4784	-1.0000	-2.4813
0.4784	-0.8464	-2.4813
0.5784	-1.0000	-2.1646
0.5784	-0.8464	-2.1646
0.5784	-1.0000	-2.4813
0.5784	-0.8464	-2.4813
Box 7
1.1542	-1.0000	-2.6920
1.1542	-0.9176	-2.6920
1.1542	-1.0000	-2.9154
1.1542	-0.9176	-2.9154
1.2239	-1.0000	-2.6920
1.2239	-0.9176	-2.6920
1.2239	-1.0000	-2.9154
1.2239	-0.9176	-2.9154
Box 8
0.4792	-1.0000	-2.3950
0.4792	-0.8482	-2.3950
0.4792	-1.0000	-2.6740
0.4792	-0.8482	-2.6740
0.5803	-1.0000	-2.3950
0.5803	-0.8482	-2.3950
0.5803	-1.0000	-2.6740
0.5803	-0.8482	-2.6740
REGIONS
