CAMERA HEIGHT:
1
BACKGROUND:
BOXES:
Box 0
0.4757	-1.0000	-2.6589
0.4757	-0.9365	-2.6589
0.4757	-1.0000	-3.0413
0.4757	-0.9365	-3.0413
0.9579	-1.0000	-2.6589
0.9579	-0.9365	-2.6589
0.9579	-1.0000	-3.0413
0.9579	-0.9365	-3.0413
Box 1
1.1650	-1.0000	-3.2324
1.1650	-0.7717	-3.2324
1.1650	-1.0000	-3.6632
1.1650	-0.7717	-3.6632
1.2241	-1.0000	-3.2324
1.2241	-0.7717	-3.2324
1.2241	-1.0000	-3.6632
1.2241	-0.7717	-3.6632
Box 2
0.8544	-1.0000	-3.6233
0.8544	-0.8672	-3.6233
0.8544	-1.0000	-3.9392
0.8544	-0.8672	-3.9392
1.0160	-1.0000	-3.6233
1.0160	-0.8672	-3.6233
1.0160	-1.0000	-3.9392
1.0160	-0.8672	-3.9392
Box 3
0.4356	-1.0000	-3.1409
0.4356	-0.8403	-3.1409
0.4356	-1.0000	-3.3234
0.4356	-0.8403	-3.3234
0.6193	-1.0000	-3.1409
0.6193	-0.8403	-3.1409
0.6193	-1.0000	-3.3234
0.6193	-0.8403	-3.3234
Box 4
0.5809	-1.0000	-2.9449
0.5809	-0.8547	-2.9449
0.5809	-1.0000	-3.2440
0.5809	-0.8547	-3.2440
0.7239	-1.0000	-2.9449
0.7239	-0.8547	-2.9449
0.7239	-1.0000	-3.2440
0.7239	-0.8547	-3.2440
Box 5
1.1853	-1.0000	-2.4801
1.1853	-0.8742	-2.4801
1.1853	-1.0000	-2.9663
1.1853	-0.8742	-2.9663
1.2421	-1.0000	-2.4801
1.2421	-0.8742	-2.4801
1.2421	-1.0000	-2.9663
1.2421	-0.8742	-2.9663
Box 6
0.5721	-1.0000	-3.7367
0.5721	-0.9667	-3.7367
0.5721	-1.0000	-3.9453
0.5721	-0.9667	-3.9453
0.6684	-1.0000	-3.7367
0.6684	-0.9667	-3.7367
0.6684	-1.0000	-3.9453
0.6684	-0.9667	-3.9453
Box 7
0.4889	-1.0000	-2.4772
0.4889	-0.6838	-2.4772
0.4889	-1.0000	-2.7309
0.4889	-0.6838	-2.7309
0.5337	-1.0000	-2.4772
0.5337	-0.6838	-2.4772
0.5337	-1.0000	-2.7309
0.5337	-0.6838	-2.7309
REGIONS
