CAMERA HEIGHT:
1
BACKGROUND:
BOXES:
Box 0
0.4517	-1.0000	-2.5542
0.4517	-0.7886	-2.5542
0.4517	-1.0000	-2.7784
0.4517	-0.7886	-2.7784
0.6251	-1.0000	-2.5542
0.6251	-0.7886	-2.5542
0.6251	-1.0000	-2.7784
0.6251	-0.7886	-2.7784
Box 1
0.7318	-1.0000	-2.5581
0.7318	-0.7383	-2.5581
0.7318	-1.0000	-2.8867
0.7318	-0.7383	-2.8867
0.8518	-1.0000	-2.5581
0.8518	-0.7383	-2.5581
0.8518	-1.0000	-2.8867
0.8518	-0.7383	-2.8867
Box 2
0.8291	-1.0000	-2.8985
0.8291	-0.8037	-2.8985
0.8291	-1.0000	-3.3958
0.8291	-0.8037	-3.3958
1.0372	-1.0000	-2.8985
1.0372	-0.8037	-2.8985
1.0372	-1.0000	-3.3958
1.0372	-0.8037	-3.3958
Box 3
1.1735	-1.0000	-2.3433
1.1735	-0.7636	-2.3433
1.1735	-1.0000	-2.8714
1.1735	-0.7636	-2.8714
1.2743	-1.0000	-2.3433
1.2743	-0.7636	-2.3433
1.2743	-1.0000	-2.8714
1.2743	-0.7636	-2.8714
Box 4
0.4155	-1.0000	-2.6626
0.4155	-0.7381	-2.6626
0.4155	-1.0000	-2.9456
0.4155	-0.7381	-2.9456
0.5181	-1.0000	-2.6626
0.5181	-0.7381	-2.6626
0.5181	-1.0000	-2.9456
0.5181	-0.7381	-2.9456
Box 5
0.6466	-1.0000	-2.8999
0.6466	-0.8371	-2.8999
0.6466	-1.0000	-3.1800
0.6466	-0.8371	-3.1800
0.7102	-1.0000	-2.8999
0.7102	-0.8371	-2.8999
0.7102	-1.0000	-3.1800
0.7102	-0.8371	-3.1800
Box 6
0.5728	-1.0000	-3.2388
0.5728	-0.9322	-3.2388
0.5728	-1.0000	-3.4757
0.5728	-0.9322	-3.4757
0.6276	-1.0000	-3.2388
0.6276	-0.9322	-3.2388
0.6276	-1.0000	-3.4757
0.6276	-0.9322	-3.4757
Box 7
0.7335	-1.0000	-2.6613
0.7335	-0.8236	-2.6613
0.7335	-1.0000	-3.0153
0.7335	-0.8236	-3.0153
0.9541	-1.0000	-2.6613
0.9541	-0.8236	-2.6613
0.9541	-1.0000	-3.0153
0.9541	-0.8236	-3.0153
Box 8
1.0266	-1.0000	-3.3236
1.0266	-0.8896	-3.3236
1.0266	-1.0000	-3.8452
1.0266	-0.8896	-3.8452
1.0557	-1.0000	-3.3236
1.0557	-0.8896	-3.3236
1.0557	-1.0000	-3.8452
1.0557	-0.8896	-3.8452
Box 9
0.4197	-1.0000	-3.0681
0.4197	-0.7834	-3.0681
0.4197	-1.0000	-3.2409
0.4197	-0.7834	-3.2409
0.5398	-1.0000	-3.0681
0.5398	-0.7834	-3.0681
0.5398	-1.0000	-3.2409
0.5398	-0.7834	-3.2409
REGIONS
