CAMERA HEIGHT:
1
BACKGROUND:
BOXES:
Box 0
0.4826	-1.0000	-2.4379
0.4826	-0.9499	-2.4379
0.4826	-1.0000	-3.1811
0.4826	-0.9499	-3.1811
0.5789	-1.0000	-2.4379
0.5789	-0.9499	-2.4379
0.5789	-1.0000	-3.1811
0.5789	-0.9499	-3.1811
Box 1
1.1374	-1.0000	-2.3055
1.1374	-0.8978	-2.3055
1.1374	-1.0000	-3.2093
1.1374	-0.8978	-3.2093
1.2242	-1.0000	-2.3055
1.2242	-0.8978	-2.3055
1.2242	-1.0000	-3.2093
1.2242	-0.8978	-3.2093
Box 2
0.6035	-1.0000	-2.3031
0.6035	-0.9147	-2.3031
0.6035	-1.0000	-2.6723
0.6035	-0.9147	-2.6723
0.8327	-1.0000	-2.3031
0.8327	-0.9147	-2.3031
0.8327	-1.0000	-2.6723
0.8327	-0.9147	-2.6723
Box 3
0.8462	-1.0000	-2.9640
0.8462	-0.9047	-2.9640
0.8462	-1.0000	-3.3381
0.8462	-0.9047	-3.3381
1.0749	-1.0000	-2.9640
1.0749	-0.9047	-2.9640
1.0749	-1.0000	-3.3381
1.0749	-0.9047	-3.3381
Box 4
0.9573	-1.0000	-2.3051
0.9573	-0.9162	-2.3051
0.9573	-1.0000	-2.7361
0.9573	-0.9162	-2.7361
1.0496	-1.0000	-2.3051
1.0496	-0.9162	-2.3051
1.0496	-1.0000	-2.7361
1.0496	-0.9162	-2.7361
Box 5
0.5033	-1.0000	-2.4375
0.5033	-0.8879	-2.4375
0.5033	-1.0000	-3.1433
0.5033	-0.8879	-3.1433
0.5449	-1.0000	-2.4375
0.5449	-0.8879	-2.4375
0.5449	-1.0000	-3.1433
0.5449	-0.8879	-3.1433
Box 6
0.7552	-1.0000	-2.3759
0.7552	-0.9446	-2.3759
0.7552	-1.0000	-2.7400
0.7552	-0.9446	-2.7400
0.8243	-1.0000	-2.3759
0.8243	-0.9446	-2.3759
0.8243	-1.0000	-2.7400
0.8243	-0.9446	-2.7400
Box 7
1.0676	-1.0000	-2.5165
1.0676	-0.8812	-2.5165
1.0676	-1.0000	-2.9447
1.0676	-0.8812	-2.9447
1.1157	-1.0000	-2.5165
1.1157	-0.8812	-2.5165
1.1157	-1.0000	-2.9447
1.1157	-0.8812	-2.9447
REGIONS
