CAMERA HEIGHT:
1
BACKGROUND:
BOXES:
Box 0
0.6604	-1.0000	-2.3148
0.6604	-0.9063	-2.3148
0.6604	-1.0000	-2.6677
0.6604	-0.9063	-2.6677
0.7492	-1.0000	-2.3148
0.7492	-0.9063	-2.3148
0.7492	-1.0000	-2.6677
0.7492	-0.9063	-2.6677
Box 1
0.8215	-1.0000	-2.6708
0.8215	-0.7278	-2.6708
0.8215	-1.0000	-2.9707
0.8215	-0.7278	-2.9707
0.8924	-1.0000	-2.6708
0.8924	-0.7278	-2.6708
0.8924	-1.0000	-2.9707
0.8924	-0.7278	-2.9707
Box 2
1.1199	-1.0000	-2.4856
1.1199	-0.7956	-2.4856
1.1199	-1.0000	-2.8525
1.1199	-0.7956	-2.8525
1.2297	-1.0000	-2.4856
1.2297	-0.7956	-2.4856
1.2297	-1.0000	-2.8525
1.2297	-0.7956	-2.8525
Box 3
0.4919	-1.0000	-2.8463
0.4919	-0.9101	-2.8463
0.4919	-1.0000	-3.2161
0.4919	-0.9101	-3.2161
0.5920	-1.0000	-2.8463
0.5920	-0.9101	-2.8463
0.5920	-1.0000	-3.2161
0.5920	-0.9101	-3.2161
Box 4
1.0763	-1.0000	-3.7704
1.0763	-0.8531	-3.7704
1.0763	-1.0000	-4.1702
1.0763	-0.8531	-4.1702
1.2200	-1.0000	-3.7704
1.2200	-0.8531	-3.7704
1.2200	-1.0000	-4.1702
1.2200	-0.8531	-4.1702
Box 5
1.1251	-1.0000	-2.9245
1.1251	-0.9367	-2.9245
1.1251	-1.0000	-3.4873
1.1251	-0.9367	-3.4873
1.2266	-1.0000	-2.9245
1.2266	-0.9367	-2.9245
1.2266	-1.0000	-3.4873
1.2266	-0.9367	-3.4873
Box 6
1.0189	-1.0000	-3.4547
1.0189	-0.9187	-3.4547
1.0189	-1.0000	-3.8924
1.0189	-0.9187	-3.8924
1.1537	-1.0000	-3.4547
1.1537	-0.9187	-3.4547
1.1537	-1.0000	-3.8924
1.1537	-0.9187	-3.8924
REGIONS
