CAMERA HEIGHT:
1
BACKGROUND:
BOXES:
Box 0
0.4339	-1.0000	-2.8262
0.4339	-0.7965	-2.8262
0.4339	-1.0000	-3.0284
0.4339	-0.7965	-3.0284
0.5589	-1.0000	-2.8262
0.5589	-0.7965	-2.8262
0.5589	-1.0000	-3.0284
0.5589	-0.7965	-3.0284
Box 1
0.6883	-1.0000	-2.9137
0.6883	-0.6157	-2.9137
0.6883	-1.0000	-3.1599
0.6883	-0.6157	-3.1599
0.7954	-1.0000	-2.9137
0.7954	-0.6157	-2.9137
0.7954	-1.0000	-3.1599
0.7954	-0.6157	-3.1599
Box 2
0.9518	-1.0000	-3.1111
0.9518	-0.7789	-3.1111
0.9518	-1.0000	-3.4588
0.9518	-0.7789	-3.4588
1.0410	-1.0000	-3.1111
1.0410	-0.7789	-3.1111
1.0410	-1.0000	-3.4588
1.0410	-0.7789	-3.4588
Box 3
0.7336	-1.0000	-2.3967
0.7336	-0.8949	-2.3967
0.7336	-1.0000	-2.7803
0.7336	-0.8949	-2.7803
0.8467	-1.0000	-2.3967
0.8467	-0.8949	-2.3967
0.8467	-1.0000	-2.7803
0.8467	-0.8949	-2.7803
Box 4
1.1446	-1.0000	-2.9161
1.1446	-0.8891	-2.9161
1.1446	-1.0000	-3.3485
1.1446	-0.8891	-3.3485
1.2582	-1.0000	-2.9161
1.2582	-0.8891	-2.9161
1.2582	-1.0000	-3.3485
1.2582	-0.8891	-3.3485
Box 5
1.1328	-1.0000	-2.3990
1.1328	-0.8969	-2.3990
1.1328	-1.0000	-2.9386
1.1328	-0.8969	-2.9386
1.2156	-1.0000	-2.3990
1.2156	-0.8969	-2.3990
1.2156	-1.0000	-2.9386
1.2156	-0.8969	-2.9386
Box 6
0.8198	-1.0000	-3.2838
0.8198	-0.8239	-3.2838
0.8198	-1.0000	-3.5775
0.8198	-0.8239	-3.5775
0.8963	-1.0000	-3.2838
0.8963	-0.8239	-3.2838
0.8963	-1.0000	-3.5775
0.8963	-0.8239	-3.5775
Box 7
0.9516	-1.0000	-2.5118
0.9516	-0.9387	-2.5118
0.9516	-1.0000	-2.9892
0.9516	-0.9387	-2.9892
1.0834	-1.0000	-2.5118
1.0834	-0.9387	-2.5118
1.0834	-1.0000	-2.9892
1.0834	-0.9387	-2.9892
Box 8
0.8699	-1.0000	-3.6856
0.8699	-0.8159	-3.6856
0.8699	-1.0000	-4.0090
0.8699	-0.8159	-4.0090
0.9204	-1.0000	-3.6856
0.9204	-0.8159	-3.6856
0.9204	-1.0000	-4.0090
0.9204	-0.8159	-4.0090
Box 9
0.9221	-1.0000	-3.2834
0.9221	-0.9248	-3.2834
0.9221	-1.0000	-3.7285
0.9221	-0.9248	-3.7285
0.9769	-1.0000	-3.2834
0.9769	-0.9248	-3.2834
0.9769	-1.0000	-3.7285
0.9769	-0.9248	-3.7285
REGIONS
