CAMERA HEIGHT:
1
BACKGROUND:
BOXES:
Box 0
0.5225	-1.0000	-2.3449
0.5225	-0.7926	-2.3449
0.5225	-1.0000	-2.6103
0.5225	-0.7926	-2.6103
0.6222	-1.0000	-2.3449
0.6222	-0.7926	-2.3449
0.6222	-1.0000	-2.6103
0.6222	-0.7926	-2.6103
Box 1
0.7699	-1.0000	-2.3411
0.7699	-0.7914	-2.3411
0.7699	-1.0000	-2.6835
0.7699	-0.7914	-2.6835
0.8802	-1.0000	-2.3411
0.8802	-0.7914	-2.3411
0.8802	-1.0000	-2.6835
0.8802	-0.7914	-2.6835
Box 2
0.5530	-1.0000	-2.7059
0.5530	-0.6268	-2.7059
0.5530	-1.0000	-2.9358
0.5530	-0.6268	-2.9358
0.6760	-1.0000	-2.7059
0.6760	-0.6268	-2.7059
0.6760	-1.0000	-2.9358
0.6760	-0.6268	-2.9358
Box 3
0.4287	-1.0000	-2.7095
0.4287	-0.7956	-2.7095
0.4287	-1.0000	-2.9232
0.4287	-0.7956	-2.9232
0.5307	-1.0000	-2.7095
0.5307	-0.7956	-2.7095
0.5307	-1.0000	-2.9232
0.5307	-0.7956	-2.9232
Box 4
0.7034	-1.0000	-3.2880
0.7034	-0.7340	-3.2880
0.7034	-1.0000	-2.5622
0.7034	-0.7340	-2.5622
0.7811	-1.0000	-3.2880
0.7811	-0.7340	-3.2880
0.7811	-1.0000	-2.5622
0.7811	-0.7340	-2.5622
Box 5
1.0755	-1.0000	-3.1809
1.0755	-0.9350	-3.1809
1.0755	-1.0000	-3.6169
1.0755	-0.9350	-3.6169
1.1630	-1.0000	-3.1809
1.1630	-0.9350	-3.1809
1.1630	-1.0000	-3.6169
1.1630	-0.9350	-3.6169
Box 6
0.4521	-1.0000	-2.8473
0.4521	-0.8939	-2.8473
0.4521	-1.0000	-3.1653
0.4521	-0.8939	-3.1653
0.5607	-1.0000	-2.8473
0.5607	-0.8939	-2.8473
0.5607	-1.0000	-3.1653
0.5607	-0.8939	-3.1653
Box 7
1.1717	-1.0000	-2.7050
1.1717	-0.9501	-2.7050
1.1717	-1.0000	-3.1319
1.1717	-0.9501	-3.1319
1.3054	-1.0000	-2.7050
1.3054	-0.9501	-2.7050
1.3054	-1.0000	-3.1319
1.3054	-0.9501	-3.1319
Box 8
0.9584	-1.0000	-2.3422
0.9584	-0.8983	-2.3422
0.9584	-1.0000	-2.7887
0.9584	-0.8983	-2.7887
1.0677	-1.0000	-2.3422
1.0677	-0.8983	-2.3422
1.0677	-1.0000	-2.7887
1.0677	-0.8983	-2.7887
Box 9
1.0306	-1.0000	-2.2672
1.0306	-0.9666	-2.2672
1.0306	-1.0000	-2.7336
1.0306	-0.9666	-2.7336
1.1615	-1.0000	-2.2672
1.1615	-0.9666	-2.2672
1.1615	-1.0000	-2.7336
1.1615	-0.9666	-2.7336
REGIONS
